12462
59020
21402
18393
18762
20916
214384
56692
22063
93709
15469
225887
14677
26406
19941
94093
20587
19339
19697
17918
56438
72900
15378
20464
56177
13589
216154
67115
230904
17709
66945
17126
16842
5303
12043
17215
12402
12391
18609
103988
19361
11789
11622
18708
20909
50932
16706
98053
67155
74469
17222
13857
14809
16149
19177
68240
17827
68198
66218
17257
19047
19989
12406
93837
19164
68581
2622
14797
14688
16477
14804
18541
18760
241035
984
12122
64933
210274
12211
24075
18971
12534
12361
14296
19645
19373
23938
18131
21888
67025
22295
67264
67891
239027
20683
17218
11307
16572
18020
12983
11545
16975
17992
72058
108679
17869
16400
20850
15239
433759
15982
21340
19175
14678
17719
19075
20218
22629
53421
14000
257632
68119
22218
22318
16924
20391
20779
13555
97122
30930
17716
14461
84057
22064
26921
19921
18457
12005
13207
227753
12416
12330
13134
56195
17993
105782
26443
104027
16414
12288
20662
67182
13052
66925
74998
16439
13542
121021
67381
14683
17685
19650
22627
4736
269397
19664
21423
21887
107746
68275
16913
14050
24051
16594
13619
12807
18128
19205
22385
226182
22019
20586
11495
21969
67003
16559
270106
18024
26365
16514
140557
12465
16211
13367
17828
20588
68094
22778
93711
12427
14106
20957
20619
15289
12607
14784
21812
13641
66445
13433
11774
109880
20104
14800
116871
15507
13001
20602
26398
50878
13429
12048
24061
69902
12387
22121
12939
55993
13163
12578
14375
17995
22632
245688
21679
16202
26893
19173
20466
12488
22658
26572
56451
24053
66152
11767
64136
228889
12864
14816
26417
17927
26446
17192
218397
26961
67967
15519
19122
18764
26428
14679
19183
55942
319924
13000
17127
242687
66046
70099
22779
11480
18555
381580
19262
11479
0
280667
98758
56200
93742
20649
66916
25559
55946
226548
17246
66052
11607
74053
55943
14225
26400
270627
17128
93765
21813
59024
98710
12988
12569
20962
12464
108098
16593
76808
11771
18019
26396
319583
21454
70316
17751
18596
23872
12469
21825
12388
12028
52250
236643
66091
117197
319944
20091
22601
22230
12500
56456
26442
26395
14787
20505
13858
20194
11308
16651
22288
230908
63955
26940
26894
12144
13436
17216
19241
20965
12848
21428
110006
23808
11765
56381
20955
69792
14460
16452
99152
67731
15194
56771
18759
14533
116870
12568
19357
16881
230737
18412
26401
67239
18844
59013
66594
234353
19170
12580
50793
67526
18148
226646
17187
17125
280668
67949
27225
20614
18514
12890
11465
12304
13430
55989
12889
55131
12282
6134
60406
12859
20465
21678
75410
19090
13860
18091
16410
11848
20416
22027
235402
67673
13897
347722
26554
104130
3047
83797
13527
18747
12995
29806
64934
21677
26156
16897
229542
110157
12006
19213
66416
22596
17711
18643
67134
12366
268534
264064
22059
11797
58172
209318
319953
68349
20102
19765
71846
12505
20430
22360
20170
269523
18114
228980
208727
20650
67838
56434
234678
21374
16522
78369
14265
21406
116848
19052
27176
19014
66142
19687
12224
11450
78943
66694
11837
56715
22628
20964
20615
20807
13006
21939
407785
73178
17717
18150
12229
12466
63856
2033
16151
319177
20024
18815
18968
22630
16519
94245
8850
244431
21349
11793
17475
22034
12461
15182
19899
74075
71096
104394
13191
18432
19171
13405
14048
6203
11863
107932
72194
20947
17119
51813
67923
108138
110109
170788
14389
16416
17928
12501
14885
16579
235611
21974
10376
11766
58244
22337
17913
12328
66108
23989
12606
52206
57376
110521
13204
18969
12428
16912
11632
18645
16412
26440
67470
57750
93700
51792
67300
170770
56433
16438
1665
14254
17975
16647
22319
56739
66576
19646
16451
73750
83964
56095
26407
69875
234779
14828
13543
66648
102747
67603
320634
217365
20392
14191
14710
17829
16573
22273
17217
12866
18972
15481
20187
26445
20917
66257
66495
75406
116838
13383
16195
15505
19651
19247
327826
18033
12709
69263
56317
239766
12468
270118
19017
12502
66340
29867
11772
68197
18012
320207
19088
106298
18125
16513
27494
24052
56508
70208
110012
595136
18392
68776
17060
14812
20185
94223
227197
26429
18505
12826
11891
12675
246694
12467
67160
17219
69237
14113
19153
69745
12934
110323
20907
68999
55948
20375
59287
50868
193740
16569
75717
71954
14370
17973
26408
19416
66480
26357
17718
12566
258865
29820
70729
21339
16553
93759
58194
57261
69957
21341
140887
50884
14806
67040
12868
56233
11783
54189
68194
72088
11764
140858
21781
27050
12018
12929
17721
11778
320558
15114
12444
12455
56419
26441
20471
52563
19229
227157
73689
22320
53612
65079
26895
268697
53375
57342
12181
19353
50791
21973
20400
19166
26754
52513
13844
19713
19261
22416
65114
11350
72151
54601
19035
110829
19988
66414
234959
27409
56469
13559
230075
12581
216963
18417
69072
54401
18538
19933
328572
18803
24074
13497
14582
68375
67680
14360
64685
26896
232946
11555
12567
13404
15511
54405
19087
13448
330938
11461
17191
12858
12857
21343
22761
15516
110651
16150
83766
75788
12393
56743
56324
83767
22631
13138
67530
67916
15184
19172
208104
56452
14268
76378
17536
20467
230753
12540
18509
194352
67130
26556
109905
12575
19224
22030
74237
93701
15529
56217
22780
22344
19374
433586
93762
19167
16825
13649
13836
78330
12936
17991
59014
68342
20648
259279
12306
22408
26965
22154
12558
171531
106344
83796
30955
66993
21885
12503
50764
16331
13528
22974
66213
170755
22437
16392
16401
68202
208650
73710
18053
76936
17220
108030
66464
27218
20116
12867
22342
192663
66942
107951
109711
56513
16402
15370
19878
12015
53331
72930
67184
83409
21844
19718
78957
14702
18453
19891
76915
20848
12550
19983
192656
104099
16818
22272
108143
14173
19076
11514
12443
12914
17688
77040
27367
16411
12151
59008
26444
23942
12861
11796
14811
17977
12562
232906
26413
26891
56717
54126
320011
21676
57264
12571
415115
56637
217864
16909
67273
13385
16404
