
64968
8915
8515
9939
4798
8773
817
9529
23476
3727
5433
2475
27
1876
23428
1973
7091
10664
89941
4908
55234
5894
26228
5362
9410
55090
963
6925
11117
118460
1791
79465
6853
7088
4718
6272
2079
56945
6629
8450
2004
154796
5917
7533
997
9689
66008
9804
1059
92609
5787
7341
58538
55758
1050
27243
26224
2965
861
81027
6500
7037
9372
51400
10466
8725
23528
4751
28957
28998
7251
6222
54205
5073
55749
90665
57630
10971
84552
55299
1176
5451
9688
2977
79902
3065
3593
160622
7424
3981
6132
10870
9099
5705
4171
8717
23649
3482
322
10524
26292
6871
10926
6667
10788
51023
8658
5216
387522
3667
843
22906
53938
3565
5983
3678
5979
51028
8411
10318
10557
1477
64783
29093
25942
57761
89781
1656
6426
2891
10379
3320
64983
8506
8825
9551
54148
1108
4705
708
54892
9589
6117
204
3483
10980
1027
5978
1152
9276
8613
26258
10266
4707
126961
3455
84342
7334
8115
5111
125476
84545
5431
57410
84458
2072
5514
57405
1605
5519
9522
2967
10302
6144
6418
5034
56949
6136
93649
9782
10138
2811
1285
5706
134353
2903
5686
81
8546
5426
8894
983
2491
10799
7156
3708
84447
6427
9844
259197
5411
9318
51645
4055
27258
6636
6185
252969
10902
8648
23164
56647
4725
6804
58497
9555
5896
554313
7336
23265
27257
10589
57504
3066
22796
51230
4698
10283
8766
10787
55717
6850
5684
8826
11315
29105
2175
8569
5576
6944
2247
2107
1459
581
6184
2308
5500
1398
1460
80328
23468
2058
140803
4758
55704
6881
10268
55257
4217
472
4093
4218
3326
10203
11338
23644
23310
3978
10273
4853
5689
7518
1399
842
7089
7248
23523
2033
5691
8289
3551
10844
6124
2767
5747
7991
8665
54107
1293
7469
6882
54973
51701
54344
26015
657
10284
3921
6604
6654
9368
85406
123169
9219
6949
5080
4605
10919
4323
1742
7534
23269
6843
1937
11140
4691
219927
11066
1029
4437
27231
4297
57492
5437
8697
22828
55681
9440
9439
5829
23016
79228
11284
10683
9183
8291
1488
5926
324
8751
161
9801
8910
1111
27034
10643
142689
53981
595
10891
27175
112936
283899
9700
22894
51659
26512
7538
81857
7415
10240
4601
3175
3146
3191
8850
4678
928
773
8928
23085
10728
84108
6749
3516
29979
25936
2626
10256
9113
51520
6155
51340
55775
10920
5499
9013
253260
6217
3688
79643
6829
80329
9412
9869
8470
3024
55967
192111
91584
2972
3799
10419
57697
23517
23020
10454
113130
701
11243
11340
149371
4791
84811
10036
10236
8624
7020
10943
65078
1153
5427
328
2339
8208
79913
8650
9984
2902
24137
91750
27316
11100
5562
26060
9643
55120
83443
65110
10617
5029
22827
3910
10016
498
5966
9794
8668
10189
4487
80335
5001
579
699
23350
6135
6456
83548
1019
6167
5906
4851
55173
10576
899
208
8295
10111
1024
55851
126626
7913
23435
2324
5432
64965
26354
6230
404672
11137
54880
5440
9135
1271
4760
10254
6129
539
11091
3558
64928
5786
4808
23779
23524
4289
2908
9701
5892
11154
54386
7965
10061
815
22955
3646
4673
1060
8443
2778
10460
1616
80155
3192
2958
10376
5584
6776
140460
4035
3680
5711
10801
8907
805
6161
2720
7314
80198
6147
908
27429
1874
8683
3676
1958
10521
164
999
4720
2068
256297
9568
4176
5595
23338
10969
8342
1101
64398
79801
55660
143098
571
3694
10915
65125
10847
51649
28964
54815
154
10579
59348
3655
6445
24148
84142
11198
1915
5971
9670
57142
1277
55558
8726
3275
8906
9026
898
3371
50807
10109
200081
51116
143187
55670
3911
140836
3980
27336
4005
5202
9150
3909
3300
22944
3621
1964
4173
2959
3695
4168
6224
2060
64960
54536
8518
4628
351
4801
51691
11336
7515
23405
3190
112885
5707
4528
2961
51073
10952
3053
9043
23129
196
4722
5204
55367
2177
9987
84894
1660
4794
128308
84991
6191
23244
2178
56915
8453
51386
51264
57521
7157
51138
4695
5460
10467
4804
10492
5933
1163
1490
93974
2189
55802
6277
3185
4926
6256
3913
23431
84844
51412
6618
51564
5690
9282
6233
116541
7045
26156
29110
5195
2734
2034
4084
65018
4726
2057
5439
1794
9188
1956
55166
594855
50848
2197
5719
26277
80031
196528
79720
51160
4683
10857
3608
1457
72
8905
51755
30000
5279
3543
5337
94104
160
80223
23774
4704
9969
57510
23585
3737
6642
5970
286826
57599
64946
8971
7307
1965
5310
1655
7052
8736
5518
64431
6128
3689
79661
2187
2647
6194
192670
10914
27044
151987
5743
5893
3069
4296
990
953
3561
8454
5441
10452
3007
8543
5663
991
9126
51263
4637
2776
10095
79760
2078
10287
8828
29123
10013
57628
7353
4869
3308
5452
5888
29894
1400
7516
140809
5859
7155
3976
3838
26259
10519
10155
6443
6239
1911
7332
9682
64963
84057
9658
27250
5590
79816
3661
10892
989
10735
116540
8189
10199
3791
10815
6150
10055
4536
9855
4670
6314
4299
55737
79084
835
10498
4163
65993
7090
6908
931
25949
6045
513
6141
2099
54460
83737
51503
8813
4086
10482
8243
22837
890
8573
6498
23107
4193
8065
80153
55048
84661
5727
4338
9443
8517
114823
57187
6938
83540
84967
10163
578
3350
6880
9146
6182
79960
55957
2091
51665
5700
9131
6709
2956
8669
1161
2273
7403
9328
2873
8674
1511
3717
10401
51720
23199
3845
8727
7013
55646
2549
65057
10714
54108
7311
10421
6628
8533
4717
5566
6205
4539
9329
6164
682
29893
2237
29780
4544
28514
63915
7813
4842
6606
10471
54623
8723
5885
10973
11097
6208
925
29088
10921
1778
4715
22938
10250
3710
5478
2962
5987
10393
6142
55690
10569
633
30011
10212
5356
81887
4067
4694
3691
650
6738
3205
5203
9133
2005
7082
6231
1603
6159
4535
5286
7094
79042
6840
10804
6767
6631
867
904
79718
5525
51147
84292
84707
51497
1991
4537
6193
3619
4141
10025
3736
9221
6165
811
1174
5977
7035
10849
10694
6626
84311
6464
2957
4792
29079
6119
347733
7337
1147
56655
55304
3977
57332
4085
5618
64975
1739
29947
28973
648
51729
59345
2935
2130
51676
130340
71
6192
4277
6872
8874
9014
58494
3692
2960
23658
4318
3280
23512
8405
1786
23595
9021
1615
8350
8932
5720
80349
3298
3594
5515
10605
91754
6844
84433
79682
5424
9879
80063
54512
6879
84759
201595
9968
64969
329
4513
5144
55752
2982
9039
10946
4170
10226
9138
996
10142
8662
55840
1788
3550
9459
26986
8451
7099
1869
8220
4175
6595
86
4723
23673
9111
1977
1266
55839
2054
1981
5531
4000
4706
5771
10713
5469
1213
7919
723790
7422
9382
1040
55746
1654
5884
3839
4152
6741
5687
10480
309
22916
7223
3015
9070
6722
545
11213
29102
10066
6884
10092
675
56254
2983
400569
6873
3082
10575
4719
6635
23521
8312
9628
9584
1018
58155
3566
55596
55250
58509
3693
2071
57129
10640
6632
28996
8202
80152
83464
57113
3696
55052
9559
6878
23054
3312
22801
22803
641
4436
114294
4712
977
3018
2812
9810
9343
5683
5104
26993
5074
80789
4276
10940
55588
10673
57117
4221
10556
6125
5693
5713
3297
51690
2810
4800
63922
5921
10403
2188
10985
2067
8140
2277
3751
54567
6599
9203
10073
9184
3181
5435
5422
10450
11130
55140
11234
8896
51650
1058
1003
6506
6854
4091
56984
26578
84061
9442
10629
9179
142
3148
84126
5082
7456
5568
4793
6157
10286
7525
55723
79026
6637
81572
11176
3084
6874
3491
55929
115557
10207
11222
84231
9793
9112
8676
23013
9212
167227
326
84296
1901
4356
84612
1017
1793
1270
5071
7416
27339
25801
51107
3265
6434
80746
4700
10006
374291
388552
5897
6809
9416
3735
4710
4001
10898
5361
55330
85437
5716
7076
55829
64105
51053
5438
10096
9493
2186
841
6235
10051
3654
9092
60561
65123
10514
5890
3958
9031
64978
2064
3675
23385
2783
5287
11171
6875
83444
51642
24144
4714
378708
3559
54583
7071
51010
6477
283989
5523
522
6181
9656
6895
8473
598
859
1650
10594
23493
6907
5902
55070
63931
1072
54534
865
55599
267
829
868
6176
22937
4802
84343
64951
2113
54700
8089
2923
84172
10370
8861
83746
10923
5883
4711
22870
4735
6714
3895
5378
6621
57461
55770
6202
3915
26019
5300
103
27043
11177
1107
4627
55131
80233
63941
1025
55763
7043
51283
10262
54760
58508
51678
112950
23091
6158
2263
3622
10011
1021
163732
9425
80209
126328
5602
6634
55094
9918
6886
5929
8535
8745
132660
5976
8777
3674
51585
8803
63943
3672
2768
55954
7520
10048
4609
9898
9289
8738
29950
51024
5211
57804
10912
85458
7249
3973
3417
147841
79595
55174
57045
6772
4736
51747
3479
2274
8531
2784
4087
3352
63908
11335
5914
51752
8192
832
92421
857
602
10755
4893
6929
23049
7323
5201
79139
2874
3386
30849
8802
84790
5496
7531
54994
80012
25873
148022
29924
3430
4909
64167
6204
10097
64432
1053
5567
8673
8812
5336
51433
401541
4149
5217
84321
6627
203068
55435
7027
7936
10054
55756
8883
3309
28977
6396
79109
9837
6139
5295
6935
3456
389362
29781
7220
5156
7203
6457
11146
5925
10884
8493
967
292
6169
6837
54881
355
7046
51808
64421
2185
9646
112399
6137
124995
7398
6605
10445
9716
3837
11267
6601
5277
10392
7532
7507
53615
26118
5709
51081
5745
10474
2483
2707
6810
5537
8820
4088
9367
4216
7706
2971
29978
11143
998
7150
8754
10775
79002
9330
79019
22976
51008
2319
5694
5000
7528
23186
79833
8087
3679
153
580
9462
81929
54464
5717
2932
10528
115677
6777
2896
7132
9862
9767
84313
10592
1653
54948
10487
7536
8829
6152
22985
94005
29127
8082
50813
9839
5605
4224
6229
7283
5393
5371
8520
10440
6156
79184
64780
4841
2770
64949
3611
79590
84148
2547
64981
23429
4306
54960
7284
55037
10814
7862
8452
5425
60
25885
2056
6400
5190
80829
2017
4659
7448
54921
51592
60412
7430
51258
57216
4331
3682
8449
57508
10632
2354
10523
348
23339
3784
8085
10573
3178
57819
79577
3836
60488
64866
10465
10978
9820
9349
54518
11017
57617
8663
23557
23404
23191
29760
10856
2648
10956
10642
919
56288
79803
8563
10075
11325
57554
5984
26985
54822
25842
1387
84678
9265
4008
79622
5045
51079
64682
64326
7402
9817
1478
9156
23389
6885
23236
51639
79874
6207
57616
7764
26610
64976
128866
55054
55168
64795
4508
3956
7187
5685
10291
6950
2966
10285
1326
51072
92105
5879
84246
8120
6616
6921
4729
4540
5314
5189
5617
4538
9652
23411
7305
6622
55167
9943
9457
8607
6118
10657
2782
4172
10928
22914
4092
6594
5558
2275
7014
7750
1659
353376
26519
51009
4174
27348
8792
3643
51692
22826
6429
27040
3716
9325
6232
79791
4076
4313
7994
6877
25
6442
354
23418
604
2176
6727
1431
10363
4696
3257
6717
5931
65008
3832
83860
23397
3690
6444
9475
55845
23047
25855
8819
1020
50628
8431
7514
4830
11157
4236
2353
10010
4713
7818
10614
10228
9611
8317
54617
26589
3376
2114
6154
84876
2597
546
5119
516
4671
51510
940
2289
0
12
3595
84062
1968
7058
25913
2155
8815
409
6188
9553
558
81608
9341
3932
6206
5429
55814
51602
10248
23451
283208
4724
6499
4643
25978
9967
6015
10499
9519
162
27154
5932
10399
5688
54913
4541
5934
6839
405
1649
6830
10422
65003
54556
2566
9463
2885
894
23097
1903
6189
8464
2533
4702
5532
79155
1385
1912
4809
4303
6122
1982
4654
257397
7067
57511
9785
5704
6696
3454
1501
55143
6867
6497
2309
3068
6619
10059
6183
64218
51103
79003
10362
751865
55193
2011
10558
64979
6173
27161
2494
8899
5283
6773
9076
5430
4298
114034
10574
9739
57132
6168
8540
975
54891
23279
23176
7535
8943
23586
7057
128312
5664
7329
5621
7277
6774
65080
7158
11051
54737
9757
84262
6146
5530
509
65005
5329
55291
2561
7186
5594
2208
9616
7756
53358
29882
1408
9295
8878
54797
64708
51699
54487
81620
55294
51763
4856
58533
51530
9978
961
5742
91687
930
10267
6827
25884
23594
79172
10026
5436
25804
23368
515
3572
90390
7454
55832
2209
1642
3184
23067
3183
8945
10245
4780
4215
51318
1022
10131
8559
2969
2335
10133
9521
6234
30836
51366
55327
5718
6130
3656
80351
6430
51428
4708
6778
9255
5134
8841
8801
11102
219541
1207
66406
6201
7068
10197
55506
387
5395
6175
2002
79813
5297
10607
1938
9631
11073
29665
10094
80306
2733
6643
140459
8417
4914
5695
64151
80314
92259
4738
9342
5692
3329
905
5868
9128
348995
7441
26994
4976
332
2534
6845
55504
23621
4790
5516
5702
23421
3054
64223
51421
54331
4731
5985
9814
93973
4686
6520
56259
9517
3993
51434
3685
10845
7428
3778
84164
9406
373
2968
27101
79948
819
652
6416
10274
23592
219771
521
6134
7074
3351
6143
2976
331
79658
10371
65109
5981
9020
9091
9441
3609
9612
64769
1875
150
64375
10128
6602
4204
51021
2342
5476
4089
2022
79858
3486
92856
9755
80781
695
10081
23028
4509
64425
6597
2554
7465
4225
4904
6133
3953
5450
11224
4716
116461
9775
57122
22907
83990
8772
284058
84515
8649
9477
9641
6598
8666
51003
3592
51631
29945
6223
9919
10907
11052
57680
4233
79706
4697
5557
23607
10469
3560
8661
4928
5083
54539
55696
9564
4846
4709
4824
23291
29082
3064
26173
5394
9913
80145
7153
5033
51652
988
51586
317
6228
23032
22948
10431
57634
23450
80143
830
4701
2159
55728
26122
8379
1861
11218
6210
6218
7324
23770
23759
6187
10009
79447
8844
3187
6883
6923
896
4050
5577
150684
9495
8487
51082
5289
79897
7464
7408
320
207
5434
339302
25929
2521
7040
27335
1665
7979
128869
6421
1479
5715
7709
1647
4343
79075
154810
25852
220988
91949
3091
1947
11007
154007
7411
6633
7414
7486
1499
5710
27347
9590
63891
8148
25962
8233
51616
23513
1969
10146
2588
64785
5781
9861
3725
6603
5701
3673
25839
29899
506
57703
7846
8837
9045
1141
9759
367
8675
258010
5580
4773
25896
2963
7812
5708
4116
124944
3703
4049
26121
6934
8664
10053
64343
740
5265
7290
7412
7857
84289
3912
3276
9630
55114
891
8516
6790
79840
84733
5682
117143
51373
6431
7517
51593
2
6209
10992
6428
93621
4292
26168
10426
3684
85439
51069
9232
5335
10213
64426
8467
80010
51604
122704
11329
27097
4439
5810
10014
4361
9129
5520
7048
3937
6625
4435
5725
23426
140032
596
6227
79980
5311
84305
10239
282991
5714
50855
6171
64601
3131
1080
7421
5928
3507
80204
58517
3303
23309
8566
514
60625
10947
663
2010
1827
23522
672
8038
51773
51013
55656
28956
892
7222
6617
3702
79711
5501
5721
51742
10001
8539
5331
6432
84312
6203
1407
6170
4803
3172
51362
9015
2934
8818
23243
5889
5604
59
3364
9768
10296
51367
23398
2146
7189
6638
25920
26520
3224
6138
8161
8976
121536
5578
8239
8881
5591
902
10933
7409
1759
8667
8733
23207
55272
10627
6160
51253
4728
7529
51317
4438
3728
6257
10717
5116
27443
8175
57459
57805
2290
673
9610
6502
10987
8165
3020
101
3996
22794
26190
4616
55729
84893
79023
6657
4999
2152
2975
5607
5290
51295
1026
2889
5901
5052
3014
55823
6732
4543
10067
10476
51187
23118
63875
2849
10438
1487
79869
87
1789
1495
11200
6688
23708
5982
1137
4998
10093
22913
10490
64750
5423
29074
4739
8972
120892
7447
9577
1643
