human_entrez	mouse_entrez	mouse_uniprot
4508	17705	P00848
4537	17718	P03899
51503	66070	Q9JHS9
4535	17716	P03888
3593	16160	P43432
4536	17717	P03893
83464	68318	Q9DCZ9
83464	68318	
3053	15160	P49182
4513	17709	P00405
9342	67474	Q9ERB0
84991	76938	Q8JZX4
84991	76938	
7517	74335	
7517	74335	Q9CXE6
578	12018	O08734
578	12018	
4758	18010	O35657
162	11764	
162	11764	O35643
5265	20700	
5265	20703	
5265	20700	P07758
5265	20703	P07758
8563	107829	
80063	75329	Q3UL97
57511	67542	
2247	14173	P15655
2247	14173	
55166	83815	Q9CPQ5
59345	14696	P29387
59345	14696	
7454	22376	P70315
7223	22066	Q9QUQ5
7223	22066	
3551	16150	
5134	18567	
2554	14394	P62812
2554	14394	
7919	53817	Q9Z1N5
7919	53817	
4798	235134	Q6PIJ4
4798	235134	
815	12322	P11798
815	12322	
9443	66213	
9443	66213	Q9CZB6
64965	69527	Q9D7N3
64965	69527	
6642	56440	
84447	74126	
9589	60532	
9589	60532	Q9ER69
3696	320910	
2130	14030	Q61545
2130	14030	
8451	99375	Q3TCH7
8451	99375	
9150	67655	Q7TSG2
9150	67655	
3643	16337	P15208
9768	68026	Q9CQX4
79760	69731	Q9CWY4
79760	69731	
10426	259279	
10426	259279	P58854
5337	18805	
12	238395	
28514	13388	Q61483
5265	20704	Q00898
2935	14852	Q8R050
2935	14852	
2983	54195	O54865
2983	54195	
6879	24074	Q9R1C0
5771	19255	
5771	19255	Q06180
3364	15574	Q8BQY8
84894	235402	Q9D1T0
84894	235402	
3799	16573	Q61768
3799	16573	
167227	70640	
167227	70640	Q9CYC6
29924	13854	Q80VP1
29924	13854	
8697	52563	
6908	21374	
6908	21374	P29037
10557	227522	
5422	18968	P33609
9099	53376	O88623
9099	53376	
91754	217718	Q8K1R7
65080	69163	Q9CY73
5297	224020	
5977	19708	Q61103
5977	19708	
857	12389	P49817
857	12389	
9329	269252	Q8BMQ2
9329	269252	
3303	193740	Q61696
2114	23872	P15037
2114	23872	
8932	17191	Q9Z2E1
8932	17191	
6217	20055	P14131
961	16423	Q61735
961	16423	
4856	18133	Q64299
10907	27366	P83877
10907	27366	
5329	18793	P35456
5329	18793	
54880	71458	Q8CGN4
54880	71458	
7507	22590	
7507	22590	Q64267
5617	19109	
8850	18519	Q9JHD1
8850	18519	
9013	21341	Q6PDZ2
9013	21341	
953	12495	
953	12495	P55772
5692	19172	P99026
5356	53317	Q922V4
5356	53317	
11102	67053	Q9CQH8
11102	67053	
5576	19087	
6944	21427	Q62481
4163	328949	
9112	116870	Q8K4B0
9112	116870	
8837	12633	O35732
8837	12633	
64975	107733	Q9CQN7
64975	107733	
8464	109115	
2146	14056	
2146	14056	Q61188
79622	78372	Q8VIK1
79622	78372	
80335	77305	Q8BFQ4
80335	77305	
354	13647	P36369
354	16618	P36369
354	16622	P15945
1956	13649	Q01279
1956	13649	
12	74069	Q6P4P1
12	74069	
12	271047	Q8BYY9
92105	101861	Q8CIM8
92105	101861	
931	12482	P19437
5265	20701	P22599
5265	20701	
5265	20702	
5265	20703	Q00897
8820	15209	Q61658
5189	71382	Q5BL07
5189	71382	
8065	75717	
10013	15185	Q9Z2V5
10013	15185	
6222	20084	
6222	20084	P62270
8733	14731	Q9WTK3
8733	14731	
7528	22632	Q00899
2319	14252	Q60634
2319	14252	
4091	17130	O35182
4091	17130	
6189	20091	P97351
54921	214987	P0CG15
54921	214987	P0CG14
54921	214987	
7187	22031	
7187	22031	Q60803
4323	17387	P53690
4323	17387	
2034	13819	P97481
7045	21810	P82198
6257	20182	
6257	20182	P28704
2648	14534	
2648	14534	Q9JHD2
8725	19777	Q3TLD5
8725	19777	
140809	76650	
65057	497652	Q5EE38
5440	17749	Q63871
5440	100862456	Q63871
5440	102641086	Q63871
5440	17749	
5440	100862456	
5440	102641086	
64949	99045	Q80ZS3
3913	16779	
3913	16779	Q61292
58517	67039	
58517	67039	B2RY56
55272	102462	Q921Y2
25942	20466	
25942	20466	Q60520
740	18120	Q9CQ40
4627	17886	Q8VDD5
4627	17886	
842	12371	
842	12371	Q8C3Q9
80145	66231	Q7TMY4
55143	52276	Q8BHX3
55143	52276	
9689	66882	Q9CQC6
9689	66882	
1019	12567	P30285
1019	12567	
8723	69150	Q91YJ2
7531	22627	P62259
7531	22627	
7058	21826	Q03350
10256	194231	
51147	28019	Q8C0D7
64983	75398	Q9DCI9
1653	104721	Q91VR5
28998	68537	
28998	68537	Q9D1P0
9862	23989	Q99K74
9862	23989	
51690	NA	Q9CQQ8
10054	50995	Q9Z1F9
10054	50995	
5893	19365	P43352
5893	19365	
8233	22183	Q64707
3309	14828	P20029
3309	14828	
55588	67224	Q9DB91
84661	66310	Q99LT0
8289	93760	
8289	93760	A2BH40
203068	22154	P99024
203068	22154	
2071	13872	P49135
4694	54405	O35683
1400	12933	
1400	12933	P97427
10092	67771	Q9CPW4
10092	67771	
23595	50793	Q9JK30
23595	50793	
6810	20909	P70452
6810	20909	
6147	268449	P62751
6147	666790	P62751
51021	66242	Q9CPX7
283899	233875	
4686	433702	Q3UYV9
84164	75452	Q91WR3
3007	14957	P43277
2002	13712	P41969
8907	11767	P35585
8907	11767	
4712	230075	Q3UIU2
4712	230075	
11284	59047	
6497	20481	
57630	59009	
2309	56484	Q9WVH4
2309	56484	
5810	19355	Q9QWZ1
5810	19355	
4893	18176	
10370	17684	O35740
80155	74838	
9459	73341	
51652	66700	Q9CQ10
51652	66700	
4683	27354	Q9R207
4683	27354	
7040	21803	P04202
7040	21803	
22906	67095	Q6PD31
10629	67706	
10629	225895	
10629	67706	Q8R2K4
10629	225895	Q8R2K4
10629	67706	Q9CY24
10629	225895	Q9CY24
29950	55942	Q9JL10
29950	55942	
26610	77766	Q9ER73
26610	77766	
57510	72322	Q924C1
57492	239985	
4318	17395	
4318	17395	P41245
80012	241915	Q8CHP6
80012	241915	
10189	100043224	
10189	100043239	
10714	67967	
545	245000	
150684	17846	Q8K4M5
150684	17846	
10048	56705	
5295	18708	P26450
5295	18708	
3430	70110	Q9D8C4
3430	70110	
2324	14257	P35917
6426	110809	Q6PDM2
6426	110809	
10067	24045	O35609
10067	24045	
51773	233532	
10421	70233	Q9CWK3
10421	70233	
1991	50701	Q3UP87
7248	64930	
7248	64930	Q9EP53
2626	14463	Q08369
2626	14463	
140836	403171	Q8BVR0
10524	81601	Q8CHK4
5617	18811	P04095
80204	225055	
80204	225055	Q7TPD1
8239	22284	
10379	16391	
10379	16391	Q61179
5687	26443	
5687	26443	Q9QUM9
902	66671	Q61458
902	66671	
6499	108077	
10471	14976	Q03958
10471	14976	
5431	231329	Q8CFI7
6183	24030	O35680
6183	24030	
26168	80886	Q9EP97
26168	80886	
7412	22329	
7412	22329	P29533
8826	29875	Q9JKF1
8826	29875	
4092	17131	O35253
4092	17131	
84231	224619	
7284	233870	Q8BFR5
7284	233870	
12	238393	Q80X76
4298	64144	
9939	60365	Q9CWZ3
9939	60365	
6635	20643	P62305
6635	20643	
4853	18129	
8668	54709	Q9QZD9
8668	54709	
23524	75956	
23524	75956	Q8BTI8
4170	17210	P97287
5202	18637	O70591
5202	18637	
57187	100042165	
57187	331401	
57187	331401	B1AZI6
56984	107047	Q9EST4
10240	57312	Q61733
4908	18205	
4908	18205	P20181
373	81003	Q8BGX0
373	81003	
7283	103733	P83887
2339	14272	Q61239
3084	211323	
22796	76332	Q921L5
22796	76332	
4050	16994	P41155
4050	16994	
5433	69241	Q9D7M8
84321	73666	Q8VE80
26156	66409	Q8BVY0
10980	26893	O88545
10980	26893	
6907	21372	Q9QXE7
5478	268373	P17742
1605	13138	Q62165
1605	13138	
112950	80509	
112950	80509	Q9D7W5
90665	21372	Q9QXE7
9440	234959	Q8VCD5
9844	140580	Q8BPU7
5558	19076	P33610
3678	16402	P11688
400569	66172	
400569	66172	Q9D8C6
3550	24010	Q9Z1M8
79661	72774	Q8K4Q6
3672	109700	Q3V3R4
6193	20103	
4176	17220	Q61881
4176	17220	
9076	12737	O88551
54891	227195	
143187	53611	O89116
93973	56249	Q8R2S9
163732	56222	Q9WUL8
6124	67891	Q9D8E6
10480	98221	Q99JX4
10480	98221	
6159	545683	
6159	102634941	
80010	74386	Q9D4G9
6133	20005	
6133	20005	P51410
64425	64424	Q8K202
64425	64424	
7156	21975	O70157
7156	21975	
354	16623	P00755
80152	320394	Q3TJM4
53358	20418	Q61120
10363	66867	Q9DC33
9564	12927	Q61140
55174	70885	Q8K2A7
55174	70885	
1903	13610	Q9Z0U9
6603	83796	Q99JR8
6603	83796	
79023	69736	Q9CWU9
3619	16319	Q9WU62
3679	16404	
79658	78514	Q6Y5D8
329	11797	Q62210
329	11797	
6845	20955	P70280
5689	19170	O09061
4704	66108	
4704	66108	Q9DC69
22794	192160	Q8K3W3
8666	53356	Q9Z1D1
10189	100861901	
10189	100043235	
10189	637578	
10189	100043231	
6231	27370	P62855
6231	102642963	P62855
29780	170736	Q9ES46
29780	170736	
27044	56463	
27044	56463	Q78PY7
3312	15481	P63017
3312	15481	
7037	22042	Q62351
7037	22042	
6628	20638	P27048
6628	20638	
55737	65114	Q9EQH3
10992	319322	
11154	11782	Q9WVL1
10274	20842	
10274	20842	Q9D3E6
84062	94245	Q91WZ8
84062	94245	
219927	353242	Q9D1N9
219927	353242	
8208	110749	Q9D0N7
8208	110749	
3175	15379	O08755
5607	23938	Q9WVS7
51362	71713	Q9DC48
55120	67030	Q9CR14
55120	67030	
6885	26409	
6885	26409	Q62073
1511	13035	P28293
27257	67207	Q8VC85
51295	26940	
55851	66340	Q9CQR7
3483	16005	
64969	77721	Q99N87
64969	77721	
8928	14106	O88621
26354	30877	Q8CI11
22827	67959	Q3UEB3
7290	15260	Q61666
7290	15260	
27250	18569	Q61823
10956	216440	Q8K2C7
29978	54609	Q9QZM0
282991	73689	Q9CWG9
6396	110379	Q9D1M0
7013	21749	P70371
7013	21749	
1017	12566	P97377
9221	70769	
324	11789	
3621	26356	Q9QXV3
4735	18000	P42208
4735	18000	
8189	68188	
4671	17940	Q9QWK5
10844	74237	Q921G8
10445	51812	Q99L90
10445	51812	
3728	16480	Q02257
9412	108098	Q9CQ39
9412	108098	
164	11765	
164	11765	P22892
6654	20662	Q62245
6844	22318	P63044
6844	22318	
8815	23825	O54962
10454	66513	Q8CF89
55250	58523	Q91WG4
10713	28035	Q3TIX9
10713	28035	
6147	666790	
3350	15550	Q64264
10268	56089	Q9WUP1
5426	18973	Q9WVF7
5426	18973	
7091	21888	Q62441
7091	21888	
10036	27221	Q9QWF0
5562	105787	Q5EG47
55048	107305	Q8R105
1501	18163	
5435	69833	P61219
3276	15469	Q9JIF0
4225	17288	Q61847
1022	12572	Q03147
7402	22288	
6809	20908	
6809	20908	Q64704
8766	53869	P62492
8766	53869	
604	12053	P41183
10393	68999	Q8K2H6
5566	18747	P05132
64785	78833	Q9CY94
6416	26398	P47809
6416	26398	
2956	17688	P54276
7862	78783	
79595	269003	
79002	68544	Q9D735
51676	65256	Q8K0L0
5499	19045	P62137
5617	18812	P04768
5617	26421	P04768
57819	27756	O35900
57819	27756	
8669	78655	Q3UGC7
4780	18024	Q60795
9367	56382	Q9R0M6
9367	56382	
6873	319944	
6122	27367	P27659
6122	27367	
10467	70103	
10467	70103	Q8R331
3187	59013	O35737
3187	59013	
5394	50912	P56960
5394	50912	
54623	54624	Q8K2T8
6923	67673	P62869
989	235072	
25913	72836	
1656	13209	P54823
25978	68942	Q8BJF9
7403	22289	O70546
1495	12385	P26231
1459	13000	O54833
84305	78428	Q8CHP5
51103	69702	
29079	67381	Q9CQA5
84545	94067	
81929	72124	Q8R2U0
2188	100040608	
23107	218506	Q8BK72
5425	18972	O35654
5425	18972	
8829	18186	P97333
4999	18393	Q60862
4999	18393	
7965	231872	Q8R010
7965	231872	
6617	75627	Q8K0S9
115557	52666	
10403	67052	Q9D0F1
990	23834	O89033
990	23834	
2549	14388	Q9QYY0
5423	18970	Q8K409
4659	17931	Q9DBR7
3024	80838	P43275
9643	56397	Q9R0Q4
9643	56397	
122704	68836	Q9D0Y8
122704	68836	
3910	16775	P97927
5578	18750	
83548	338337	
5082	67466	Q9DBX2
5082	67466	
160622	56149	Q9JJA9
320	319924	B2RUJ5
6206	20042	
84733	12416	P30658
10928	19765	Q62172
56655	66979	
56655	66979	Q9CQ36
1938	13629	P58252
10302	330959	
7027	21781	Q08639
3082	15234	Q08048
9555	26914	Q9QZQ8
3456	15977	P01575
58538	227157	Q6P7F1
58538	227157	
10558	268656	O35704
4700	67130	Q9CQZ5
219771	67974	Q8BGU5
3275	15468	
404672	66467	Q8K2X8
2588	50917	Q571E4
4739	18003	O35177
4739	18003	
22955	29871	Q8K214
22955	29871	
4643	71602	E9Q634
6637	NA	P62309
10273	56424	Q9WUD1
6606	20595	P97801
6606	20595	
554313	326620	P62806
554313	102641229	P62806
29979	56085	Q8R317
3977	16880	P42703
6602	83797	Q61466
26173	68510	
10226	66905	Q9DBG5
10884	59054	Q9D0G0
7465	22390	P47810
55140	74195	Q9CZX0
112936	69091	Q8C0E2
201595	68292	
5932	225182	Q80YR6
9441	70625	Q7TN02
57599	67561	Q8BH57
80351	74493	Q3UES3
80351	74493	
5934	19651	Q64700
2354	14282	P13346
10943	73390	
1965	13665	Q6ZWX6
8874	54126	
8874	54126	Q9ES28
258010	75744	Q3UZP4
22894	72662	Q9CSH3
6203	76846	Q6ZWN5
6203	76846	
9590	83397	Q9WTQ5
9113	16798	Q8BYR2
10632	27425	Q9CPQ8
51073	66163	Q9DCU6
79902	445007	Q8R480
79902	445007	
6837	20933	Q62276
6837	20933	
64218	20351	Q62178
64218	20351	
10556	54364	O88796
65078	65079	Q99PI8
7020	21418	
7249	22084	
29882	99152	Q8BZQ7
29882	99152	
2962	98053	Q3THK3
1387	12914	
7991	80286	Q8BTV1
7991	80286	
23368	21981	Q62415
23368	21981	
23517	72198	Q9CZU3
652	12159	P21275
11051	68219	Q9CQF3
4152	17190	
1266	71994	Q9DAW9
1266	71994	
29102	14000	Q5HZJ0
29102	14000	
977	12476	O35566
84811	215051	
84811	215051	Q8R149
3838	NA	P52293
9610	225870	Q921Q7
7043	21809	
2720	12091	P23780
64398	56217	Q9JLB2
5706	67089	P62334
10284	100041953	
128866	75608	Q9D8B3
3646	16341	P60229
5116	18541	
64105	60411	Q9ESN5
64105	60411	
3297	15499	P38532
283989	76265	Q8C2A2
283989	76265	
6205	27207	P62281
8676	74732	
28977	67270	Q9CPV3
6176	56040	P47955
3832	16551	Q6P9P6
6235	20090	P62274
5868	271457	Q9CQD1
5071	50873	Q9WVS6
5071	50873	
6314	246103	Q8R4I1
10059	74006	Q8K1M6
10059	74006	
84759	69837	
84759	69837	Q8R023
9837	69270	Q9CZ15
7334	93765	P61089
5700	19179	P62192
23428	50934	Q9QXW9
54815	234366	
54815	234366	Q8CHY6
9014	21340	P97358
1174	11769	P61967
1174	11769	
1431	12974	Q9CZU6
8454	26965	
8454	26965	Q9WTX6
3716	16451	
23521	22121	P19253
79019	66570	Q9CQA0
26993	54194	
54487	94223	Q9EQM6
988	71702	Q6A068
29074	67681	Q9CQL5
56254	109331	Q5DTM8
56254	109331	
55802	75901	Q91YD3
256297	19213	Q9QX98
23398	238831	Q8CEC6
143098	75739	
10239	11778	Q8BSZ2
10239	11778	
5568	18747	P05132
1793	330662	Q8BUR4
5591	19090	P97313
10673	24099	Q9WU72
23207	69582	
9652	218343	
9156	26909	Q9QZ11
9156	26909	
10891	19017	O70343
10891	19017	
5701	19181	
55829	109815	Q9BCZ4
55829	109815	
23389	76199	
5787	19263	B2RU80
25842	66403	Q9CQE6
4093	55994	Q9JIW5
26520	30056	Q9WV98
5584	18759	Q62074
5584	18759	
252969	382913	Q6R2P8
4296	26403	Q80XI6
5029	18442	
1060	12617	P49452
6202	20116	P62242
2972	72308	
3676	16401	
57804	69745	Q9CWP8
55839	72155	Q9CZW2
55729	54343	
55729	54343	Q7TT18
25	11350	P00520
25	11350	
602	12051	
602	12051	Q9Z2F6
23339	269338	Q8R5L3
84292	67836	Q9DAJ4
84292	67836	
3996	16897	
3996	16897	Q80Y17
84893	50755	Q8K2I9
84893	50755	
57122	103468	
57122	103468	Q8BH74
10267	51801	
10267	51801	Q9WTJ5
85406	74330	Q921R4
9804	67952	Q9DCC8
5427	18974	O54956
2963	68705	Q8R0A0
26277	28113	
3183	15381	Q9Z204
26512	18130	Q6PCM2
23016	66446	Q9D0M0
51008	69090	Q9D8Z1
3675	16400	Q62470
3675	16400	
84707	19716	Q9R224
23411	93759	Q923E4
23411	93759	
116541	66047	Q9CPW3
5411	18949	
26589	67308	Q9EQI8
10946	75062	Q9D554
6622	20617	O55042
22828	106583	Q6DID3
8943	11776	O54774
10189	100043247	
10189	100043227	
64963	67994	
5537	67857	Q9CQR6
5537	67857	
10775	66161	Q9CR08
10775	66161	
57805	219158	Q8VDP4
23097	78334	Q8BWD8
23097	78334	
10519	23991	Q9Z0F4
10519	23991	
8801	20917	
8801	20917	Q9Z2I8
6773	20847	
10285	76479	Q8BGT7
6228	66475	P62267
3178	15382	
3178	545091	
3178	15382	P49312
3178	545091	P49312
5516	19053	P62715
9701	71474	
23405	192119	
79228	386612	Q5U4D9
79228	386612	
55558	18846	P70208
5436	67710	P62488
4790	18033	P25799
4790	18033	
2091	14113	P35550
2091	102643269	P35550
10788	544963	Q3UQ44
2058	107508	Q8CGC7
2058	107508	
6142	76808	P62717
3609	16201	Q9Z1X4
3609	16201	
5460	18999	P20263
5460	18999	
23523	104248	
5683	19166	P49722
3298	15500	P38533
3069	110611	Q8VDJ3
3069	110611	
63915	17828	Q8R015
51434	56317	Q9WVM3
51434	56317	
8649	56692	O88653
8649	56692	
8649	NA	O88653
6829	20924	O55201
6167	67281	Q9D823
6167	100502825	Q9D823
11198	114741	
1003	12562	P55284
1794	94176	Q8C3J5
1794	94176	
79897	67676	
79897	67676	Q8R040
51497	57314	Q922L6
51497	57314	
1786	13433	
1786	13433	P13864
7155	21974	Q64511
7155	21974	
4792	18035	Q9Z1E3
23418	170788	Q8VHS2
23418	170788	
9282	26896	A2ABV5
9282	26896	
5970	19697	Q04207
4671	17951	
9630	14675	P30677
2107	225363	Q8BWY3
2107	225363	
58533	72183	Q6P8X1
26060	72993	Q8K3H0
50855	56513	
50855	56513	Q9Z101
10401	229615	O54714
10401	229615	
10254	56324	O88811
10254	56324	
6129	19989	P14148
6129	19989	
10466	238123	Q8C0L8
6657	20674	
8220	27886	
10010	21353	
10010	21353	P70347
5663	19164	P49769
3482	16004	Q07113
3482	16004	
84296	109145	Q99LZ3
3276	15469	
55752	52398	Q8C1B7
55752	52398	
9716	11834	Q8CFQ3
9716	11834	
5682	26440	Q9R1P4
55832	71902	Q6ZQ38
55832	71902	
8972	232714	
23585	71817	Q9CXL1
51264	94064	Q99N92
3066	15182	
124995	107732	Q3TBW2
124995	107732	
84790	22146	P68373
967	12512	P41731
30836	99480	Q8R2M2
8661	13669	P23116
11157	78651	P62313
55070	76375	
55070	76375	Q9D0A0
9015	21339	
55746	234865	Q8R0G9
2547	14375	
26121	68988	Q8CCF0
26121	68988	
5336	234779	Q8CIH5
10921	19826	Q99M28
63941	56846	Q9D6J4
63941	56846	
6218	20068	P63276
11137	103136	Q99LL5
11137	103136	
55690	107975	Q8K212
10523	27967	
2197	14109	
10892	240354	Q2TBA3
4637	17904	Q60605
23279	59015	Q9Z0W3
196	11622	
80223	75767	Q9D620
80223	75767	
2277	14205	P97946
23594	56452	
9045	67115	Q9CR57
5721	621823	P97372
5721	19188	P97372
5721	19188	
3685	16410	P43406
3685	16410	
3308	15525	
2113	23871	P27577
2113	23871	
64431	67019	
9775	668137	
9658	329003	Q7TSH3
154	11555	P18762
27243	68953	Q9DB34
7071	21847	O89091
51023	68735	Q8R2L5
51023	68735	
23032	170822	Q8R5K2
23032	170822	
63908	17957	P28663
63908	17957	
27316	19656	Q91VM5
27316	19655	Q9WV02
27316	19655	
5892	19364	
5892	19364	O55230
8165	11640	O08715
8165	11640	
6157	26451	P14115
6157	26451	
5708	21762	Q8VDM4
5708	21762	
91687	70454	Q3U3S3
91687	70454	
5604	26395	P31938
25929	216766	Q8BX17
25929	216766	
2812	14724	
2812	14724	P56400
6626	53607	Q62189
6626	53607	
5976	19704	Q9EPU0
2810	55948	O70456
10109	76709	
10109	76709	Q9CVB6
27443	330409	
9495	238276	
9495	238276	D3YVF0
7529	54401	Q9CQV8
7529	54401	
3661	54131	P70671
29894	94230	Q9EPU4
79801	20419	Q9Z179
8667	68135	Q91WK2
7329	22196	P63280
7329	102641751	P63280
7329	22196	
7329	102641751	
64981	94065	Q99N91
22913	19383	Q64012
22913	19383	
55823	71732	Q91W86
4193	17246	P23804
4193	17246	
64326	26374	
64326	26374	Q9R1A8
54892	76044	Q6DFV1
4609	17869	P01108
4609	17869	
83990	237911	Q5SXJ3
3727	16478	P15066
29105	14894	Q8BTU1
1874	104394	Q8R0K9
51263	107734	Q9D7N6
51263	107734	
3690	16416	O54890
5073	74108	
6432	225027	Q8BL97
1968	26905	Q9Z0N1
1968	26905	
10643	140488	Q9CPN8
57508	70422	Q80UK8
57508	70422	
2208	14128	P20693
23607	12488	Q9JLQ0
65993	79044	Q9JIK9
142689	70392	Q9D738
4670	76936	Q9D0E1
4670	76936	
10422	98766	Q8VDI7
10422	98766	
23450	101943	Q921M3
54460	66292	P58059
54460	66292	
51650	14548	Q9D2R8
51650	100041328	Q9D2R8
51650	14548	
51650	100041328	
9755	73174	
9755	73174	A2A9T0
153	11554	P34971
1407	12952	P97784
6667	20683	
6667	20683	O89090
4976	74143	P58281
4976	74143	
55090	192191	Q8VCS6
25962	66185	A2AIV2
25962	66185	
2494	26424	P45448
2494	26424	
10498	59035	Q9WVG6
10498	59035	
6204	67097	P63325
6204	67097	
8727	54366	O88327
8727	54366	
9551	57423	P56135
9551	57423	
4174	17218	
64928	68463	Q9D1I6
51649	64656	Q8VE22
51649	64656	
22938	66354	
7857	20254	
7857	20254	Q03517
5331	18797	P51432
10066	24044	Q9ERN0
5885	19357	Q61550
55749	67500	Q8CH18
332	11799	O70201
9439	70208	
6632	20641	P62315
5393	50911	
5393	50911	Q9JHI7
81620	67177	Q8R4E9
9820	66515	Q8VE73
9820	66515	
5378	227099	
8192	53895	O88696
8449	69192	
7068	21834	P37242
3912	16777	P02469
3912	16777	
57410	78891	Q9EQC5
126961	97114	P84228
55094	67471	Q9DBM1
55094	67471	
5277	18700	Q64323
5277	18700	
3692	16418	O55135
3692	16418	
51428	72935	Q91VN6
51013	66583	Q9DAA6
7414	22330	Q64727
28956	83409	Q9JHS3
28956	83409	
351	11820	P12023
26122	227867	Q8C0I4
26122	227867	
79869	269061	Q8BTV2
3993	217325	Q3TJ91
3993	217325	
7416	22333	Q60932
7416	22333	
27043	75273	Q9DBD5
27043	75273	
51586	94112	
10016	18570	P12815
6618	102209	Q91XA5
10845	270166	Q9JHS4
10845	270166	
1431	71832	
4808	18071	Q02576
80789	109077	
80789	109077	Q8CHT3
27335	73830	Q9DBZ5
7516	57434	Q9CX47
7516	57434	
5684	19167	O70435
5684	19167	
9212	20877	O70126
5747	14083	P34152
55596	70650	Q9CYA6
55596	70650	
10933	21761	P60762
10933	627352	P60762
10933	21761	
10933	627352	
1059	12616	P27790
103	56417	Q99MU3
10947	64933	Q8R2R9
4297	214162	P55200
4297	214162	
3185	98758	
3185	98758	Q9Z2X1
147841	67629	Q9D083
9700	105988	P60330
8487	66603	Q9CQQ4
4830	18102	P15532
4830	18102	
8813	13480	O70152
84876	109305	Q8BWG9
1024	264064	
1024	264064	Q8R3L8
54556	71777	Q8VEK6
54556	71777	
6154	19941	P61255
6154	19941	
3455	15976	O35664
3455	15976	
1163	54124	P61025
1163	54124	
1163	624855	
55814	544971	Q571C7
55814	544971	
9184	12237	Q9WVA3
5693	19173	O55234
140460	117589	
140460	117589	Q91ZU0
355	14102	P25446
355	14102	
3702	16428	
3702	16428	Q03526
196528	77044	
841	12370	O89110
841	12370	
2072	50505	Q9QZD4
2072	50505	
27175	103768	Q8VCK3
5283	110417	Q5M9N4
5707	70247	
5707	70247	Q3TXS7
6132	26961	P62918
91584	243743	Q80UG2
11007	240514	Q6PDY0
892	51813	
892	51813	Q62447
4616	17873	P22339
54386	57321	Q91VL8
1642	13194	Q3U1J4
23586	230073	Q6Q899
23586	230073	
57628	269109	
10579	57752	
154810	75723	Q9D4H4
154810	75723	
6159	19944	P47915
6159	666642	P47915
11338	22185	
11338	22185	P26369
354	16624	P07628
2273	14199	P97447
2273	14199	
22944	16588	Q8K339
10283	67285	Q3TKY6
10283	67285	
92609	66525	Q9D880
7251	22088	Q61187
7251	22088	
54205	NA	P62897
55681	213326	Q8CFE4
55681	213326	
6601	68094	Q6PDG5
6601	68094	
6850	20963	P48025
6850	20963	
9879	212880	Q569Z5
9879	212880	
1053	110794	Q6PZD9
51072	76890	Q91VH6
1876	50496	O54917
2057	13857	P14753
4791	18034	Q9WTK5
2934	227753	P13020
2934	227753	
2976	71752	Q8BL74
2976	71752	
5902	19385	P34022
5902	19385	
6231	NA	P62855
899	12449	P51944
7486	22427	O09053
7486	105242468	O09053
22837	319876	
22837	319876	Q3UMF0
5190	224824	Q99LC9
25804	50783	
1958	13653	P08046
4356	13384	
6877	226182	
28964	216963	Q68FF6
28964	216963	
4809	100862468	Q9D0T1
6867	320165	Q6Y685
6867	320165	
10073	66069	Q80W37
79711	75751	Q8VI75
79711	75751	
339302	225644	Q80WM3
6629	20639	Q9CQI7
6629	20639	
8450	72584	
8450	72584	A2A432
29893	19183	O35047
29893	19183	
1665	13204	O35286
1665	13204	
53981	51786	O35218
57045	65960	Q9EP52
140803	225997	Q8CIR4
25855	107392	Q99N20
8658	21951	Q6PFX9
5144	238871	Q01063
5144	238871	
1977	13684	P63073
1977	13684	
5883	19367	Q9Z0F6
9793	75786	
56915	27998	Q9CRA8
56915	27998	
7430	22350	P26040
87	109711	Q7TPR4
87	109711	
9810	233900	
9810	233900	Q3U319
5713	17463	P26516
8518	230233	Q7TT37
54948	94063	Q99N93
89941	214952	Q8JZN7
89941	214952	
10199	67973	Q810V0
10055	56459	Q9R1T2
1875	13559	Q61502
1875	13559	
2491	102920	Q8K1K4
2491	102920	
2353	14281	P01101
5201	67199	
55756	210925	
8772	14082	Q61160
6208	20044	P62264
6208	102634709	P62264
6208	20044	
6208	102634709	
51028	70160	Q91XD6
6643	67804	Q9CWK8
55840	106389	Q91ZD6
55840	106389	
2782	14688	P62874
2782	14688	
10128	72416	Q6PB66
10128	72416	
5520	71978	Q6P1F6
11140	12539	Q61081
6477	20437	P61092
9188	56200	Q9JIK5
23309	20467	Q62141
3956	16852	P16045
9133	12442	P30276
51373	66258	Q9CQE3
51373	66258	
8648	17977	P70365
25839	102339	
25839	102339	Q8R1U1
5884	19356	Q6NXW6
1861	30931	Q9ER39
7750	76007	Q9CU65
9521	66143	Q9D1M4
6839	20937	O54864
6839	20937	
10978	98985	Q99LI9
123169	235497	Q5XJE5
409	216869	
409	216869	Q91YI4
90390	69790	Q9CQI9
7411	22327	
7411	22327	P61759
23649	18969	P33611
23649	18969	
8417	53331	
3981	319583	Q8BTF7
6722	20807	Q9JM73
64780	171580	Q8VDP3
64780	171580	
9688	71805	Q8BJ71
8812	12454	
7048	21813	Q62312
84312	52592	Q3U1T3
10212	68278	Q8VDW0
10212	68278	
7756	22680	Q9JMD0
7756	22680	
10053	11768	
9493	71819	E9Q5G3
22870	243819	Q7TSI3
22870	243819	
516	11951	Q9CR84
5617	19111	O35257
5617	19111	
5617	18814	P04769
7150	21969	Q04750
11176	116848	
8669	100042807	Q66JS6
3694	16420	Q9Z0T9
3694	16420	
6880	108143	
6880	108143	Q8VI33
6880	108143	Q8VCP8
6880	102216272	Q8VCP8
6880	102216272	
6880	102216272	Q8VI33
28957	66230	Q9CY16
154796	27494	
154796	27494	Q8VHG2
267	23802	Q9R049
267	23802	
51692	54451	Q9QXK7
8038	11489	Q61824
8038	11489	
4601	17859	
4601	17859	P50540
65125	232341	P83741
65125	232341	
10849	70333	Q76KJ5
3386	78369	Q9ERM2
58508	231051	
8546	11774	Q9Z1T1
51053	57441	O88513
51053	57441	
6427	20382	Q62093
6427	20382	
3673	16398	Q62469
3708	16438	P11881
3708	16438	
4928	269966	
8738	12905	O88843
51752	80898	Q9EQH2
23310	78658	
27347	53416	Q9Z1W9
84108	71041	Q99NA9
150	11551	
83540	66977	Q99P69
83540	66977	
7515	22594	
7515	22594	Q60596
6604	66993	Q6P9Z1
6604	66993	
9328	70239	Q8R2T8
9328	70239	
1460	13001	P67871
1460	13001	
8754	11502	
8754	11502	Q61072
50628	276919	
9978	56438	P62878
9978	100043674	P62878
3148	97165	P30681
3915	226519	
4794	18037	O54910
51690	66094	Q9CQQ8
9425	12593	Q9WTK2
10376	22143	P05213
151987	232314	
6599	20588	
6599	20588	P97496
8717	71609	Q3U0V2
8717	105242493	Q3U0V2
8717	71609	
8717	105242493	
2958	235459	Q80ZM7
2958	235459	
58497	229589	Q8BIW1
4691	17975	P09405
4691	17975	
10521	67040	
5429	80905	Q9JJN0
8899	19134	Q61136
5714	57296	
5714	57296	Q9CX56
23243	105522	Q505D1
388552	232946	Q5U5M8
401541	66336	Q9CZ92
57761	228775	Q8K4K2
54583	112405	Q91YE3
80306	66999	Q920D3
80306	66999	
11222	94062	
11222	94062	Q99N95
8085	381022	
8085	381022	Q6PDK2
2067	13870	P07903
2067	13870	
2977	234889	
65003	66419	Q9CQF0
10920	108679	Q8VBV7
10920	108679	
539	28080	
539	102641678	
539	28080	Q9DB20
539	102641678	Q9DB20
10009	56805	Q8BN78
10009	56805	
81857	75613	Q8VCB2
9092	20227	Q9Z315
8945	12234	Q3ULA2
1050	12606	
1050	12606	P53566
79139	67819	Q99J56
114823	232798	
114823	232798	Q8CBY3
506	11947	P56480
59	11475	P62737
832	12345	P47757
832	12345	
3839	16648	O35344
79026	66395	
79803	20170	Q8BLY7
12	16625	P29621
12	20714	
12	20717	Q03734
85439	108800	Q8BZ60
85439	108800	
1152	12709	Q04447
983	12534	P11440
983	12534	
10081	50996	
64979	94066	Q99N90
4216	26407	O08648
2189	60534	Q9EQR6
641	12144	
641	12144	O88700
114294	80907	Q9EP89
9462	226525	
8540	228061	
5300	23988	Q9QUR7
8411	216238	Q8BL66
84458	212391	Q6ZPI3
5432	20021	
9559	30930	P40336
2483	14300	P97376
9757	75410	
9757	75410	O08550
1791	21673	P09838
865	12400	Q08024
6883	66464	Q8VE65
6883	66464	
5074	114774	Q925B0
5362	18845	P70207
5362	18845	
64343	27215	
64343	27215	Q9QYP6
347733	73710	Q9CWF2
84433	108723	Q8CIS0
57504	116871	
57504	116871	Q924K8
11315	57320	Q99LX0
11315	57320	
3921	16785	P14206
3921	102642689	P14206
29781	52683	
29781	52683	Q8BSP2
997	216150	Q8CFI2
128308	67212	Q9CZ83
8819	60406	O88574
8089	64050	Q9CR11
27097	102162	Q91WQ5
8120	11775	Q9JME5
8120	11775	
6790	20878	P97477
54534	28028	Q8VDT9
5204	56612	Q9WU28
5204	56612	
23091	67302	E9Q784
8844	16706	Q61097
8844	16706	
10469	21856	O35857
10469	21856	
8881	69957	Q8R349
51639	66055	P59708
7337	22215	O08759
7337	22215	
811	12317	P14211
10142	100986	
10155	21849	Q62318
58494	67374	Q9JI59
58494	67374	
4673	53605	P28656
4673	53605	
51520	107045	Q8BMJ2
6875	72504	G5E8Z2
594855	235415	Q8R1B5
25801	227960	Q8VC88
6921	67923	P83940
6921	102642819	P83940
6921	67923	
6921	102642819	
3735	85305	
3735	85305	Q99MN1
64795	68477	Q80YQ8
64795	68477	
7520	22596	P27641
4149	17187	
7220	22063	
5890	19363	O35719
5890	19363	
1161	71991	Q8CFD5
1161	71991	
283208	320452	
23476	57261	Q9ESU6
23476	57261	
1176	11777	Q9DCR2
58509	70312	Q9CS00
4439	17687	
5104	268591	P70458
6895	21357	
6895	21357	P97473
1020	12568	P49615
1020	12568	
3054	15161	Q61191
3054	15161	
7153	21973	Q01320
10138	67057	Q99LW6
54913	102614	Q91WE3
253260	78757	Q6QI06
91750	217708	Q8CD94
91750	629959	Q8CD94
112885	271305	
112885	271305	Q8C966
4173	17217	P49717
4313	17390	P33434
26190	30050	
10296	59003	Q4VC33
10296	59003	
1912	54383	
1912	54383	Q9QWH1
128869	228812	
128869	228812	Q8K358
4435	12705	P97769
4435	12705	
708	12261	
60561	72772	
60561	72772	Q8BZ36
120892	66725	Q5S006
84061	67075	
10973	77987	E9PZJ8
140459	72323	Q91ZU1
140459	72323	
23708	14853	Q149F3
23708	14853	
2335	14268	
2335	14268	P11276
3688	16412	P09055
3688	16412	
6169	67671	Q9JJI8
6165	57808	O55142
23770	14232	O35465
23770	14232	
208	11652	Q60823
208	11652	
23429	56353	Q8CCI5
79816	114606	
79816	114606	Q9WVB3
6774	20848	P42227
6774	20848	
64375	22781	Q8C208
64375	22781	
1213	67300	Q68FD5
1213	67300	
8773	20619	O09044
8773	20619	
3911	16776	Q61001
3491	16007	P18406
6128	19988	P47911
6128	19988	
8573	12361	O70589
8573	12361	
6118	19891	
6871	217031	Q8CHV6
6871	217031	
6631	20630	Q62241
8317	12545	Q9Z0H0
8317	12545	
7534	22631	P63101
7534	22631	
115677	329416	Q6WKZ7
27154	268936	
51107	226548	Q8BVF7
51107	226548	
8613	67916	Q99JY8
5621	19122	P04925
1659	217207	A2A4P0
1659	217207	
10987	26754	O35864
10987	26754	
8915	12042	Q9Z0H7
3751	16508	Q9Z0V2
6194	20104	P62754
6194	105244208	P62754
55173	64657	
3376	105148	Q8BU30
3376	105148	
6188	27050	P62908
6188	27050	
5971	19698	Q04863
5971	19698	
56647	66165	Q9CWI3
10589	66556	
10589	66556	Q9D6N5
7398	230484	Q8BJQ2
7398	230484	
3326	15516	P11499
3326	15516	
8803	20916	Q9Z2I9
8803	20916	
55037	69956	Q14C51
55037	69956	
54973	71957	
54973	71957	Q9CWS4
63922	214901	
51412	83766	
51412	83766	Q99MR0
81	60595	P57780
81	60595	
10189	627488	
10189	100043292	
10189	56009	
10189	667692	
6015	19763	O35730
23644	234699	
8607	56505	P60122
8607	56505	
9372	230597	
1026	12575	P39689
2159	14058	O88947
2159	14058	
7088	21885	
7088	21885	Q62440
6872	270627	Q80UV9
6872	270627	
1111	12649	O35280
1111	12649	
79948	216152	
9457	57756	Q9WTX7
6150	19935	O35972
54960	237221	Q8BHE1
54960	237221	
11017	66618	Q8K194
9646	22083	Q62018
868	208650	
5928	19646	Q60972
5928	19646	
9442	68975	Q9DB40
9442	68975	
6156	19946	P62889
6156	433003	P62889
6156	619883	P62889
6156	625281	P62889
6156	664969	P62889
6156	677010	P62889
54344	68563	Q9D1Q4
4824	18095	P97436
3932	16818	P06240
3932	16818	
10490	53612	
8663	56347	Q8R1B4
8663	56347	
11224	NA	Q6ZWV7
11224	66489	Q6ZWV7
10607	213773	Q8C4J7
10607	213773	
51593	83701	Q99MR6
51593	83701	
51138	26891	O88544
51138	26891	
2475	56717	Q9JLN9
7052	21817	P21981
7052	21817	
29123	77087	
8295	100683	
3257	192236	
8405	20747	Q6ZWS8
8405	20747	
675	12190	
675	12190	P97929
9814	78887	
9814	78887	Q3UZY0
8515	213119	
79791	76454	Q3TQF0
79791	76454	
6400	20338	Q9Z2G6
6400	20338	
514	67126	P56382
2534	14360	P39688
2534	14360	
9111	64685	O35309
9111	64685	
27034	66948	
86	56456	
86	56456	Q9Z2N8
64223	56716	Q9DCJ1
10450	56031	Q9QZH3
6232	57294	
6232	57294	Q6ZWU9
4008	380928	
999	12550	
9785	64340	
84057	76915	Q8K396
3791	16542	
26519	30059	P62073
830	12343	P47754
830	12343	
64951	64660	Q9CQV5
4671	17948	Q9QUK4
4671	17948	
6135	67025	Q9CXW4
6135	67025	
10286	68183	Q9D287
10286	68183	
7057	21825	
4303	54601	Q9WVH3
4303	54601	
79833	67242	Q9CX53
5045	18550	P23188
5045	18550	
4846	18127	
4846	18127	P70313
9406	53861	Q9R020
9406	53861	
3937	16822	
3937	16822	Q60787
2079	13877	P84089
2079	13877	
81887	76130	A2BE28
5983	69263	Q8R323
5966	19696	
116540	68499	Q9D1H8
3958	16854	
84142	70681	
84142	70681	Q8BPZ8
10025	216154	
51659	272551	Q9D600
4331	17420	
4331	17420	P51949
1616	13163	
55929	66233	Q9JI44
23493	15214	Q9QUS4
8894	67204	Q99L45
8894	67204	
5605	26396	Q63932
5605	26396	
9913	72195	Q9CZV5
9913	72195	
5933	19650	Q64701
4998	18392	Q9Z1N2
1408	12953	Q9R194
4035	16971	
3680	104099	B8JK39
3680	104099	
8531	56449	Q9JKB3
9984	225160	Q8R3N6
861	12394	
57617	228545	Q8R307
9522	107767	Q8K021
9522	107767	
23236	18795	Q9Z1B3
23236	18795	
51024	66437	
51024	66437	Q9CQ92
2902	14810	
2902	14810	P35438
27348	30934	Q9ER41
27348	30934	
4801	18045	P63139
4801	18045	
322	11785	
322	11785	Q9QXJ1
8493	53892	Q9QZ67
8493	53892	
23557	20615	Q9Z266
23557	20615	
996	217232	A2A6Q5
996	217232	
84342	97484	Q9JJA2
84342	97484	
905	72949	
805	12314	P62204
55327	22343	O88952
10940	67724	
51400	72590	Q8BVQ5
11335	12417	
83746	214669	P59178
83746	214669	
5310	18763	O08852
10093	68089	P59999
10093	68089	
5859	97541	
6239	68750	
6239	68750	Q3UH06
4487	17701	P13297
894	12444	P30280
894	12444	
57703	80744	
57703	80744	Q8C5N3
3014	15270	P27661
4914	18211	Q3UFB7
11325	72047	Q810A7
54737	75339	Q3TYA6
5083	18511	P47242
5001	26429	Q9WUV0
5001	26429	
51258	66493	Q9CPY1
4528	76784	Q91YJ5
4528	76784	
8662	27979	Q8JZQ9
8662	27979	
64978	60441	Q8K2M0
9967	230753	Q569Z6
9967	230753	
1025	107951	Q99J95
1025	107951	
8624	56088	Q9JK23
8624	56088	
5439	20022	
26258	18457	Q9R0C0
9794	103806	
9794	103806	Q6T264
7764	228913	
5896	19373	P15919
57216	93840	
57216	93840	Q91ZD4
3479	16000	P05017
3479	16000	
8350	319152	P68433
161	11772	P17427
161	11772	
6935	21417	Q64318
6935	21417	
2152	14066	
9183	26951	O54692
1101	12643	O55226
10487	12331	P40124
10487	12331	
8971	243529	
84313	28084	Q9CQ80
84313	28084	
80746	381802	
80746	381802	Q6P7W5
26292	56309	Q9EQS3
26292	56309	
64432	64658	Q9D125
11234	246694	P59438
11234	246694	
4800	18044	P23708
4800	18044	
9817	50868	Q9Z2X8
6638	20646	P63163
10318	57783	
10318	57783	Q9WUU8
3352	15552	Q61224
11177	217578	
11177	217578	O88379
522	11957	P97450
522	11957	
51616	407786	Q6NZA9
51616	407786	
1108	107932	
1108	107932	Q6PDQ2
11200	50883	
11200	50883	Q9Z265
6130	27176	P12970
6130	105245385	P12970
23067	208043	Q8CFT2
23067	208043	
6594	93761	Q6PGB8
6594	93761	
2903	14811	P35436
23186	217864	
7332	22195	P68037
7332	100042355	P68037
7332	22195	
7332	100042355	
55696	66810	Q8BHS3
6173	66483	P83882
286826	72568	
2932	56637	Q9WV60
2932	56637	
5694	19175	Q60692
5719	23997	Q9WVJ2
5719	23997	
5000	26428	O88708
5000	26428	
6152	68193	Q8BP67
6152	102641064	Q8BP67
1058	12615	O35216
1058	12615	
54518	54519	Q8R5A3
8726	13626	Q921E6
8140	20539	Q9Z127
22914	27007	
22914	27007	O54709
28973	66973	Q99N84
28973	66973	
10592	14211	Q8CG48
10592	14211	
8818	13481	
8818	13481	Q9Z324
55168	68565	
3146	15289	P63158
3146	100862258	P63158
3146	15289	
3146	100862258	
4436	17685	P43247
4436	17685	
8452	26554	Q9JLV5
8452	26554	
2971	66596	
22803	24128	Q9DBR1
963	12508	Q61451
596	12043	P10417
125476	225280	Q8BHA0
125476	225280	
10614	192231	Q8R409
7424	22341	P97953
57459	229542	Q8VHR5
57459	229542	
5888	19361	
5888	19361	Q08297
3486	16009	P47878
2017	13043	
2017	13043	Q60598
10642	140486	O88477
4437	17686	
10452	53333	Q9QYA2
10452	53333	
5290	18706	P42337
5290	18706	
57554	242274	
5577	19088	P31324
5577	19088	
11052	432508	Q6NVF9
11052	432508	
5926	238247	
9131	26926	
9131	26926	Q9Z0X1
5424	18971	P52431
5424	18971	
6637	68011	P62309
5686	26442	Q9Z2U1
5686	26442	
1398	12928	Q64010
1398	12928	
1982	13690	
55330	117197	Q8VED2
4738	18002	P29595
367	11835	P19091
348995	69912	P59235
51678	56524	Q9JLB0
51678	56524	
117143	27878	Q99LM9
117143	27878	
940	12487	P31041
598	12048	Q64373
598	12048	
51665	65247	Q9WV74
51665	65247	
10799	208366	Q8R1F9
10799	208366	
387	67653	
142	11545	
6843	22317	Q62442
6843	22317	
389362	69666	
389362	69666	P0C7N9
84148	67773	Q9D1P2
84148	67773	
11329	106504	Q91VJ4
7408	22323	P70460
7046	21812	Q64729
7046	21812	
54107	59001	
51808	56698	
51808	56698	Q9JJT9
27161	239528	Q8CJG0
10943	17692	Q9WVG9
23431	108011	
23431	108011	Q80V94
11218	53975	Q9JJY4
11218	53975	
72	11468	P63268
72	11468	
9969	327987	Q5SWW4
84515	66634	Q9CWV1
81027	545486	A2AQ07
4851	18128	Q01705
4851	18128	
5695	19177	P70195
55291	52036	
55291	52036	Q922D4
6627	68981	P57784
6627	68981	
6732	20815	O70551
6732	20815	
3980	16882	
220988	229279	Q8BG05
220988	229279	
8517	16151	
8517	16151	O88522
5557	19075	P20664
5557	19075	
6767	70356	Q99L47
6767	70356	
83444	70020	Q99PT3
83444	70020	
4926	101706	
85437	67197	Q9CZ96
85437	67197	
3845	16653	P32883
3845	16653	
55599	67225	
55599	67225	Q3UZ01
80349	66317	
80349	66317	Q9ERF3
7936	27632	P19426
7936	27632	
83860	209361	
83860	209361	Q5HZG4
890	12428	P51943
890	12428	
8566	216134	Q8K183
8566	216134	
5452	18987	Q00196
5452	18987	
50848	16456	O88792
10569	193116	
10569	193116	Q8BHJ9
11073	235559	Q6ZQF0
11073	235559	
10969	69072	Q9D903
10969	69072	
10131	68015	Q9CQN1
10131	68015	
2767	14672	P21278
23522	54169	
23522	54169	Q8BRB7
9179	11781	Q9JKC7
9179	11781	
4204	17257	Q9Z2D6
4204	17257	
8841	15183	
93649	214384	Q8VIM5
93649	214384	
7094	21894	P26039
7094	21894	
51729	60321	Q923D5
51729	60321	
4904	22608	P62960
4904	22608	
3838	16647	
3838	16647	P52293
1487	13016	O88712
1487	13016	
6688	20375	
6688	20375	P17433
3684	16409	
10284	20220	
4087	17126	Q62432
4087	17126	
3978	16881	
79075	72107	Q14AI0
79075	72107	
3953	16847	P48356
3953	16847	
51187	225215	
51187	225215	Q99L28
8087	14359	Q61584
8087	14359	
1285	12828	Q9QZS0
1285	12828	
317	11783	O88879
317	11783	
22985	56215	Q9JIX8
22985	56215	
9128	70052	Q9DAW6
10912	23882	
10926	27214	Q9QZ41
10926	27214	
7341	22218	P63166
7341	22218	
6421	71514	Q8VIJ6
3065	433759	O09106
23129	67784	Q3UH93
23129	67784	
23028	99982	Q6ZQ88
23028	99982	
7311	22186	P62984
7311	22186	
4343	17454	
4343	17454	P23249
8473	108155	Q8CGY8
6138	66480	Q9CZM2
6138	66480	
6168	19981	P61514
56288	93742	
56288	93742	Q99NH2
6146	19934	P67984
6146	102642602	P67984
126626	213054	P81069
126626	213054	
54760	18551	
54760	18551	P29121
928	12527	P40240
6431	67996	Q3TWW8
6431	67996	
23164	26936	
23164	26936	P97434
134353	72290	Q8BUV6
5979	19713	P35546
3667	16367	
23528	226442	Q99LI5
4808	18072	Q64221
6605	57376	O54941
6119	68240	Q9CQ71
10371	20346	O08665
10371	20346	
9682	230674	Q8BW72
9682	230674	
5987	19720	Q62158
5987	19720	
23020	320632	Q6P4T2
55294	50754	
55294	50754	Q8VBV4
4438	55993	Q99MT2
4438	55993	
10474	101206	Q8R0L9
10474	101206	
10051	70099	Q8CG47
10051	70099	
92856	27993	Q8VHZ7
92856	27993	
5450	18985	Q64693
2	232345	
2	232345	Q6GQT1
5156	18595	P26618
5156	18595	
10573	68611	Q9D1B9
10573	68611	
3068	15191	P51859
3068	15191	
55114	70497	
55114	70497	Q3UIA2
8825	108030	Q8JZS0
8825	108030	
29127	26934	Q9WVM1
29127	26934	
79447	NA	Q99L02
79447	67278	
79447	67278	Q99L02
1947	13641	P52795
4171	17216	P97310
4171	17216	
5978	19712	Q8VIG1
1479	228410	Q99LI7
9126	13006	Q9CW03
29945	52206	Q91W96
29945	52206	
7277	22145	P68368
7277	22145	
25896	77065	
3191	15388	Q8R081
3191	15388	
2982	60596	Q9ERL9
2982	60596	
80143	66641	Q9CPR7
80143	66641	
5925	19645	P13405
5925	19645	
9135	54189	O35551
9135	54189	
6874	228980	
8777	17475	Q8VBX6
8777	17475	
10460	21335	
8673	22320	
25920	58202	Q8C4Y3
25920	58202	
9410	66585	Q6PE01
8664	55944	O70194
5531	56420	P97470
5531	56420	
498	11946	Q03265
498	11946	
6429	57317	
2768	14673	P27600
2768	14673	
55954	67178	Q9CQR5
60488	232536	
51691	76522	Q6ZWM4
51691	76522	
10870	23900	Q9QUJ0
2533	23880	O35601
2533	23880	
9295	69207	
7323	66105	P61079
7323	66105	
673	109880	P28028
673	109880	
8243	24061	
8243	24061	Q9CU62
6137	270106	P47963
2274	14200	O70433
2274	14200	
819	12328	P49070
23468	12419	Q61686
23468	12419	
64960	66407	Q9DC71
6185	20014	Q9DBG6
6185	20014	
10514	18432	Q7TPV4
5361	18844	P70206
5361	18844	
354	16619	Q9JM71
354	16616	Q61759
354	13646	P15948
354	16613	P15946
354	18048	P00757
354	16617	Q61754
354	16615	P04071
354	18050	P00756
51763	19062	Q8C5L6
51763	19062	
84311	67036	Q9D0Q7
84311	67036	
6500	21402	
6500	21402	Q9WTX5
4233	17295	
1027	12576	P46414
1027	12576	
5894	110157	Q99N57
5894	110157	
57405	66442	Q3UA16
57405	66442	
4215	26406	Q61084
23759	66053	Q9D787
23759	66053	
6227	66481	Q9CQR2
5119	234852	Q921W0
130340	252903	Q7TN05
130340	252903	
2004	13713	P41971
2004	13713	
64769	70088	Q2VPQ9
64769	70088	
23774	223770	
2176	14088	
2176	14088	P50652
2561	14401	P63137
22916	68092	Q9CQ49
22916	68092	
2968	14885	O70422
2968	14885	
50813	26894	Q9CZ04
50813	26894	
2975	233863	
2975	233863	Q8K284
3329	15510	P63038
3329	15510	
3320	15519	P07901
3320	15519	
55299	67832	Q9DCA5
55299	67832	
6498	20482	Q60665
6498	20482	
571	12013	P97302
10499	17978	
10499	17978	Q61026
57521	74370	
5469	19014	
5469	19014	Q925J9
51645	68816	Q9D0W5
51645	68816	
10465	NA	Q9D868
10465	66101	Q9D868
10465	66101	
2957	83602	Q99PM3
2957	83602	
1021	12571	
1021	12571	Q64261
3265	15461	Q61411
3265	15461	
9869	84505	
1603	13135	P61804
54797	67219	Q9CZ82
54797	67219	
54567	54485	Q9JI71
10728	56351	Q9R0Q7
10728	102641464	Q9R0Q7
10728	56351	
10728	102641464	
2237	14156	
11267	27681	Q9CZ28
11267	27681	
5709	22123	P14685
5709	22123	
57117	71793	Q9D168
546	22589	Q61687
546	22589	
8905	108012	Q9DB50
8905	108012	
7089	21886	
7089	21886	Q9WVB2
10250	51796	
84126	235610	Q8BMG1
84126	235610	
6741	20823	P32067
6741	20823	
6502	27401	Q9Z0Z3
6502	27401	
5515	19052	P63330
8906	11766	
8906	11766	O88512
5080	18508	P63015
5080	18508	
9255	13722	
26224	50789	Q8C4V4
26224	50789	
3417	15926	O88844
3417	15926	
27040	16797	
27040	16797	O54957
23621	23821	
23621	23821	P56818
5702	19182	O88685
5702	19182	
6621	227644	
6621	227644	Q8BP86
6209	20054	P62843
6209	20054	
9368	26941	P70441
6141	19899	P35980
6141	19899	
64708	26895	Q8BV13
64708	26895	
53938	70225	Q9D6L8
53938	70225	
79813	77683	Q5DW34
79813	77683	
51081	50529	Q80X85
4076	53872	Q60865
4076	53872	
64968	121022	P58064
3608	67781	Q9CXY6
5720	19186	
5720	19186	P97371
4175	17219	P97311
4175	17219	
8751	11490	O88839
6234	54127	P62858
6234	54127	
2566	14406	P22723
2566	14406	
4804	18053	
1739	13383	Q811D0
1739	13383	
101	11501	
101	11501	Q05910
2734	20340	Q61543
2734	20340	
23658	66373	P62322
23658	102636255	P62322
23658	102641341	P62322
23658	66373	
23658	102636255	
23658	102641341	
6738	20822	O08848
4678	50927	
4678	50927	Q99MD9
2811	14723	O35930
5914	19401	P11416
4736	19896	
24144	54723	Q9ERA6
24144	54723	
6520	17254	P10852
6520	17254	
6477	20438	
55304	228677	Q8BG54
30011	58194	Q8R550
30011	58194	
891	268697	P24860
891	268697	
55723	66929	Q9DAP7
2342	110606	Q8K2I1
2342	110606	
84289	66262	Q9D8Y8
84289	66262	
23350	67958	Q6NV83
23350	67958	
64601	80743	
1499	12387	
1499	12387	Q02248
66008	70827	
10213	59029	O35593
4005	16909	
4005	16909	P25801
10197	19192	
10197	19192	P61290
2099	13982	P19785
2099	13982	
51318	66223	Q9CQL6
51318	66223	
9318	12848	P61202
9318	12848	
23512	52615	Q80U70
23512	52615	
9265	19159	O08967
9265	19159	
5371	18854	Q60953
5371	18854	
5203	109054	
1207	12729	
1981	208643	
1981	208643	Q6NZJ6
4086	17125	P70340
4086	17125	
2064	13866	P70424
84552	93737	Q9JK84
7324	22194	P52482
6595	67155	
9289	14766	Q8K209
85458	330938	Q80Y83
85458	330938	
5286	18704	
6625	20637	Q62376
6625	20637	
11143	217127	Q5SVQ0
11143	217127	
55660	56194	Q9R1C7
55660	56194	
10236	74326	
10627	67268	
5617	215028	
5617	67000	
5617	19110	O35256
5617	66392	Q9DAZ2
5617	66392	
5617	18775	
5617	75596	Q8CGZ9
5617	18776	P09586
5617	67505	Q9CRB5
6158	19943	P41105
6158	19943	
5690	26445	Q9R1P3
4773	18019	Q60591
4773	18019	
5287	240752	
4088	17127	Q8BUN5
4088	17127	
1153	12696	
1153	12696	P60824
54148	27393	Q9JKF7
84262	66506	Q9CZH3
3224	15426	P09025
84246	28077	Q9CXU0
10787	50884	P28660
10787	50884	
9325	56404	Q9QXN3
9325	56404	
509	11949	
509	11949	Q91VR2
5567	18749	P68181
5567	18749	
25913	101185	Q91WC1
25913	101185	
6840	225115	Q8K4L3
6840	225115	
2889	107746	
8431	23957	Q62227
5434	66420	Q80UW8
898	12447	Q61457
898	12447	
7035	21788	O54819
7035	21788	
132660	231506	
132660	231506	Q571G4
56945	64655	Q9CXW2
1911	13619	
55670	74043	
55670	74043	Q8BGI5
5501	19047	P63087
5501	434233	P63087
5501	19047	
5501	434233	
51602	55989	
51602	55989	Q6DFW4
5906	109905	P62835
5906	109905	
835	12366	P29594
835	12366	
5929	213464	
5929	213464	Q8BX09
5781	19247	P35235
51010	66362	Q7TQK4
51010	66362	
7415	269523	Q01853
65110	67031	
7074	21844	
54108	93696	Q9JKP8
54108	93696	
3091	15251	
3091	15251	Q61221
998	12540	P60766
3516	19664	
3516	19664	P31266
84967	116748	Q8QZX5
84967	116748	
51283	67118	
51283	67118	Q8R079
65109	68134	
6224	67427	P60867
5981	19687	
57461	57905	Q69ZQ2
57461	57905	
22801	319480	
154007	67797	Q9D361
154007	67797	
9146	15239	
79084	70465	Q99J09
79084	70465	
7533	22629	P68510
8453	71745	Q9D4H8
8453	71745	
57332	30951	Q9QXV1
2060	13858	P42567
2060	13858	
6233	78294	P62983
6233	100042019	P62983
513	66043	Q9D3D9
513	66043	
1293	12835	
29110	56480	Q9WUN2
2068	13871	O08811
2068	13871	
10985	231659	
8896	231889	
8896	102642043	
8896	231889	Q6PGH1
8896	102642043	Q6PGH1
7706	217069	
7706	217069	Q61510
9519	237336	P62340
5500	19046	P62141
5500	19046	
9343	20624	
9343	20624	O08810
9767	382207	
9767	382207	Q6IE82
8233	22184	
4803	18049	P01139
4803	18049	
10075	59026	
10075	59026	Q7TMY8
51720	20184	
5279	67292	Q9CXR4
5279	67292	
27336	72459	Q8BGC0
8683	108014	Q9D0B0
8683	108014	
55717	207425	
6878	21343	Q62311
6878	21343	
5901	19384	P62827
5901	102641332	P62827
3976	16878	P09056
3976	16878	
6714	20779	
6714	20779	P05480
55758	214742	Q6PGA0
55758	214742	
3784	16535	
3784	16535	P97414
55775	104884	
4049	16992	P09225
6696	20750	
6696	20750	P10923
4306	110784	
6949	21453	
6949	21453	O08784
65005	78523	Q99N94
65005	78523	
10814	12890	P84086
10362	15353	Q9Z104
10362	15353	
5897	19374	P21784
2885	14784	Q60631
2885	14784	
5718	66997	Q9D8W5
5718	66997	
80153	353190	Q8K2D3
80153	353190	
7422	22339	Q00731
7422	22339	
5514	52040	Q80W00
5514	52040	
200081	109658	Q6PAM1
200081	109658	
55435	211556	
472	11920	Q62388
472	11920	
4172	17215	P25206
92421	66371	Q9D7F7
92421	66371	
9219	23942	Q9R190
3611	16202	O55222
3611	16202	
257397	66724	
257397	66724	Q571K4
5685	26441	Q9R1P0
5685	26441	
10001	69792	Q921D4
10001	69792	
83443	66125	Q923D4
23404	227715	Q8VBV3
23404	227715	
8543	16911	P61969
8543	16911	
6772	20846	
9861	66413	Q99JI4
8342	68024	Q6ZWY9
121536	11569	Q9Z248
121536	11569	
80314	13831	Q8C9X6
80314	13831	
7132	21937	
7132	21937	P25118
1107	216848	
10657	20218	Q60749
5590	18762	
5590	18762	Q02956
10262	107701	Q8QZY9
9612	20602	
9612	20602	Q9WU42
12	20716	
12	628900	
3192	51810	Q8VEK3
6827	20922	P63271
6827	100041294	P63271
6827	20922	
6827	100041294	
7913	110052	Q7TNV0
7913	110052	
859	12391	P51637
1457	12995	Q60737
1457	12995	
4084	17119	
2155	14068	P70375
10096	74117	Q99JY9
10096	74117	
867	12402	
867	12402	P22682
5984	106344	Q99J62
5984	106344	
29899	76123	Q8VDU0
29899	76123	
6464	20416	P98083
6464	20416	
65018	68943	
65018	68943	Q99MQ3
2175	14087	Q9JL70
2175	14087	
3689	16415	Q3UV74
3689	16415	
3689	16414	
10203	54598	Q9R1W5
9129	70767	Q922U1
9129	70767	
2891	14800	
10528	67134	Q9D6Z1
10528	67134	
160	11771	P17426
2967	209357	Q8VD76
2961	68153	Q9D902
2961	68153	
2078	13876	P81270
2078	13876	
5438	69920	P60898
5438	69920	
5437	245841	Q923G2
3020	15081	P84244
3020	544973	P84244
3020	625328	P84244
3020	667250	P84244
3020	102642045	P84244
24137	16571	P33174
55656	72656	Q80V86
55656	72656	
8910	20392	O70258
8910	20392	
55506	404634	Q8CCK0
23199	382034	
23199	382034	Q3U3C9
10801	53860	Q80UG5
10801	53860	
83464	208117	Q8C7N7
83464	208117	
63891	84585	Q5XPI3
63891	84585	
57132	67028	Q9CQD4
57132	67064	Q9CQD4
2969	14886	Q9ESZ8
2969	14886	
116461	66637	
4802	18046	P70353
4802	18046	
7353	22230	
7353	22230	P70362
6881	24075	Q8K0H5
9987	50926	
51510	76959	Q9D7S9
94005	276846	Q6PD26
5829	19303	Q8VI36
5829	19303	
3351	15551	P28334
5530	19055	P63328
7222	22065	
7525	22612	Q04736
7525	22612	
54512	109075	Q921I9
1969	13836	Q03145
10163	242687	Q8BH43
10163	242687	
579	12020	P97503
3703	16430	P46978
3703	16430	
23118	68652	
23118	68652	Q99K90
2186	207165	
1490	14219	P29268
1490	14219	
6619	77634	Q9D2C9
6619	77634	
4141	216443	Q68FL6
4141	216443	
284058	76719	Q80TG1
284058	76719	
5602	26414	
23451	81898	
2033	328572	B2RWS6
2033	328572	
7448	22370	P29788
9349	65019	P62830
9349	100044627	P62830
9349	100862455	P62830
9349	65019	
9349	100044627	
9349	100862455	
2308	56458	Q9R1E0
30849	75669	
30849	75669	Q8VD65
60625	71715	
9656	240087	
219541	381379	Q8C1S0
11146	170823	Q8BZM1
11146	170823	
4000	16905	P48678
4000	16905	
10207	12695	
10207	12695	Q63ZW7
8535	12418	O55187
829	12340	
64151	54392	
51642	52443	
6045	19821	
6045	19821	Q9CQJ4
975	12520	P35762
23673	100226	Q9ER00
7082	21872	P39447
7082	21872	
207	11651	P31750
207	11651	
9416	74351	
51386	223691	Q8QZY1
23054	56406	
9330	98488	
9043	70834	Q58A65
9043	70834	
6170	67248	P62892
27258	67678	P62311
27258	67678	
8650	18222	Q9QZS3
8650	18222	
10476	71679	Q9DCX2
10476	71679	
6778	20852	P52633
6778	20852	
23435	230908	Q921F2
23435	230908	
580	12021	O70445
25852	74125	
25852	74125	Q9DBR3
2289	14229	Q64378
2289	14229	
3572	16195	Q00560
3572	16195	
64783	229700	
4361	17535	Q61216
4361	17535	
51585	74737	
2187	237211	
84612	58220	Q9JK83
55257	73247	Q9DAT2
57129	74600	Q8K2Y7
9759	208727	Q6NZM9
9759	208727	
79042	66078	
79042	66078	Q8BMZ5
51003	67279	Q9CXU1
4236	100034361	Q9CQU1
4236	67532	Q9CQU1
89781	192232	Q99KG7
5691	26446	Q9R1P1
6884	99730	P61216
51592	94093	
79682	71876	Q8C4M7
79682	71876	
23013	56381	
55504	29820	Q9JLL3
5594	26413	P63085
5594	26413	
10923	20024	P11031
11340	69639	Q9D753
11340	69639	
28996	15258	Q9QZR5
28996	15258	
112399	112407	
4055	17000	P50284
3181	53379	O88569
3181	102642938	O88569
3181	53379	
3181	102642938	
309	11749	P14824
309	11749	
6117	68275	Q8VEE4
6117	68275	
56949	67439	Q9DCD2
56949	67439	
4338	17434	
8675	228960	
8675	228960	Q8BVI5
5716	53380	Q9Z2X2
5716	53380	
5664	19165	
1615	226414	Q922B2
1615	226414	
9232	30939	Q9CQJ7
9232	30939	
6616	20614	P60879
51699	56433	Q9QZ88
51699	56433	
5704	23996	P54775
9070	23808	Q91X20
9070	23808	
5985	72151	Q9D0F6
5985	72151	
55646	17089	Q08288
55646	17089	
5335	18803	
5335	18803	Q62077
8467	93762	Q91ZW3
80829	109910	
80829	109910	Q62511
2275	14201	
2275	14201	Q9R059
2776	14682	P21279
79913	109275	
3622	69260	Q9ESK4
3622	69260	
79643	208092	P0C0A3
79643	208092	
2290	15228	Q60987
51230	228829	
51230	228829	Q8BLG0
904	12455	Q9QWV9
904	12455	
5033	18451	Q60715
5033	18451	
5518	51792	Q76MZ3
5518	51792	
64682	17222	P53995
64682	17222	
8202	17979	
51421	56332	
51421	56332	Q8K371
8291	26903	
8291	26903	Q9ESD7
2923	14827	P27773
2923	14827	
9577	107976	Q8K3W0
9577	107976	
7157	22059	P02340
7157	22059	
7090	21887	Q08122
7090	21887	
10440	21854	Q9Z0V8
10440	21854	
5441	66491	P62876
6717	109552	Q6P069
63931	64659	
63931	64659	Q9CR88
10717	67489	Q9WV76
10717	67489	
10919	110147	Q9Z148
10919	110147	
23049	233789	Q8BKX6
23049	233789	
9026	29816	Q9JKY5
9026	29816	
7014	21750	
7014	21750	O35144
595	12443	P25322
2185	19229	
2185	19229	Q9QVP9
348	11816	P08226
348	11816	
192111	72542	Q8BX10
192111	72542	
53615	17192	
53615	17192	Q9Z2D8
84707	12069	Q9WTZ8
1742	13385	Q62108
1742	13385	
10095	11867	Q9WV32
10095	11867	
10248	74097	Q9DCH2
648	12151	P25916
648	12151	
5727	19206	Q61115
5727	19206	
5931	245688	Q60973
5931	245688	
6256	20181	
6256	20181	P28700
10097	66713	P61161
10189	21681	O08583
26228	56792	Q9JM90
26228	56792	
4841	53610	
4841	53610	Q99K48
9341	22319	P63024
22907	72831	Q99PU8
22907	72831	
79960	269424	Q6ZPI0
79960	269424	
8745	23792	
8745	23792	Q9R1V7
9020	53859	Q9WUL6
55367	57913	
55367	57913	Q9ERV7
10952	66212	Q9CQS8
10952	66212	
8443	14712	
8443	14712	P98192
55728	333789	
6428	20383	P84104
6164	68436	Q9D1R9
6164	619547	Q9D1R9
6164	100043876	Q9D1R9
6164	68436	
6164	619547	
6164	100043876	
7409	22324	
7409	22324	P27870
55131	68272	Q8CGC6
55131	68272	
55845	101314	Q91VR8
1643	107986	
1643	107986	Q99J79
1271	12804	O88507
1271	12804	
5216	18643	P62962
5216	18643	
6191	20102	P62702
4671	17952	Q9JIB6
4671	53880	Q9JIB6
1477	67337	
1477	67337	Q99LC2
3895	16709	
4722	68349	Q9DCT2
5688	26444	Q9Z2U0
8148	70439	
83737	16396	Q8C863
23191	20430	Q7TMB8
23191	20430	
5595	26417	
5595	26417	Q63844
378708	69928	
378708	69928	Q9D084
405	11863	P53762
405	11863	
5618	19116	Q08501
5618	19116	
2054	13852	
64946	26886	Q9QYM8
8312	12005	
10915	56070	Q8CGF7
10094	56378	Q9JM76
10094	56378	
682	12215	P18572
682	12215	
6182	56282	Q9DB15
10594	192159	Q99PV0
10594	192159	
6175	11837	P14869
6175	11837	
3725	16476	P05627
84343	12807	Q91VB4
84343	12807	
8674	53330	
8674	53330	O70480
2966	23894	
2966	23894	Q9JIB4
3710	16440	P70227
1147	12675	
7846	22142	P68369
672	12189	P48754
672	12189	
2707	14620	P28231
521	11958	Q06185
521	11958	
650	12156	P21274
10902	78656	Q8R3B7
10902	78656	
5034	18453	P09103
5034	18453	
54464	24127	
9641	56489	Q9R0T8
9641	56489	
57113	26946	Q9WVC5
57113	26946	
3655	16403	Q61739
3655	16403	
10804	14623	P70689
10804	14623	
1654	13205	Q62167
1654	110957	P16381
7421	22337	P48281
7421	22337	
23176	20362	
23176	20362	Q8CHH9
10111	19360	
9477	56771	Q9R0X0
6749	20833	Q08943
6749	20833	
9801	56284	Q9D338
5717	69077	Q8BG32
5717	69077	
26118	78889	O54927
26118	78889	
9782	17184	
9782	17184	Q8K310
4221	17283	O88559
4221	17283	
9138	16801	
9138	16801	Q61210
51253	56280	Q921S7
11117	100952	Q99K41
10856	20174	Q9WTM5
10856	20174	
94104	67367	P58501
94104	67367	
2770	14677	B2RSH2
9611	20185	
1040	74596	P98191
114034	68276	Q9D2E2
114034	68276	
4089	17128	P97471
4609	107771	Q6P8Z1
57634	75560	Q8CHI8
57634	75560	
57616	243931	
7336	70620	Q9D2M8
7336	70620	
9739	233904	
26015	68925	Q80TE0
26015	68925	
657	12166	P36895
657	12166	
515	11950	Q9CQQ7
515	11950	
3172	15378	
3172	15378	P49698
56259	66642	Q9CWL8
6925	21413	
6925	21413	Q60722
2209	14129	P26151
2209	14129	
6155	19942	P61358
6155	19942	
1973	13681	P60843
1973	13681	
8861	16825	
8861	16825	P70662
6636	69878	P62307
1901	13609	O08530
3691	192897	
3691	192897	A2A863
10245	21855	Q9Z0V7
10245	21855	
8802	56451	Q9WUM5
8802	56451	
51755	69131	Q14AX6
2011	13728	
5917	104458	Q9D0I9
1778	13424	Q9JHU4
1778	13424	
3674	16399	Q9QUM0
10664	13018	Q61164
10847	100043597	
3909	16774	Q61789
2960	74197	Q9D0D5
5496	14208	
5496	14208	Q61074
79172	52504	Q8K015
79172	52504	
7994	244349	
65123	229543	Q7TPD0
65123	229543	
54994	76425	Q9D7M1
9616	19823	Q9WTZ1
9616	19823	
51082	20018	P97304
51082	20018	
5710	19185	O35226
5710	19185	
6207	68052	P62301
6207	102642137	P62301
6207	68052	
6207	102642137	
9943	108737	Q6P9R2
9943	108737	
92259	66128	Q9CQX8
92259	66128	
79109	227743	
79109	227743	Q8BKH7
54881	269536	
54881	269536	Q3URQ0
6184	103963	Q91YQ5
6184	103963	
6161	19951	P62911
6161	621697	P62911
6161	102642864	P62911
6161	19951	
6161	621697	
6161	102642864	
63943	56299	O35450
63943	56299	
10683	13389	O88516
930	12478	P25918
930	12478	
4289	27418	O89050
4289	27418	
9919	227648	
93621	67568	Q9CQL7
24148	68879	
24148	68879	Q91YR7
8665	66085	Q9DCH4
91949	233824	
896	12445	
896	12445	P30282
9553	66845	Q9CQP0
9553	66845	
1488	13017	
1488	13017	P56546
6727	20813	P16254
6727	102642637	P16254
6727	20813	
6727	102642637	
8813	13480	
7469	24116	Q8BG30
1650	13200	O54734
23513	105782	
23513	105782	Q80U72
7464	107684	
7464	107684	Q8C0P5
1647	13197	P48316
1647	13197	
55167	77853	
55167	77853	Q69ZF8
2010	13726	O08579
2010	13726	
51433	59008	Q8BTZ4
51433	59008	
7813	14020	
1649	13198	P35639
1649	13198	
5879	19353	P63001
5879	19353	
4067	17096	P25911
51604	78928	Q8BXQ2
51604	78928	
925	12525	P01731
925	12525	
354	16612	P15947
354	16612	
71	11465	P63260
71	11465	
4001	16906	P14733
9529	70369	Q8CI32
9529	70369	
25885	20019	
25885	20019	O35134
50807	13196	
50807	13196	Q9QWY8
54205	13063	P62897
8175	20222	
11100	232989	
11100	232989	Q8VDM6
7532	22628	P61982
6598	20587	Q9Z0H3
6598	20587	
84844	68479	P83870
23592	380664	
2908	14815	
64426	71954	Q8BR65
64426	71954	
5711	66998	Q8BJY1
5711	66998	
51009	116891	Q8BNI4
51009	116891	
8559	67229	Q8BM39
8559	67229	
65008	94061	Q99N96
65008	94061	
11066	76167	Q9D384
11066	76167	
5289	225326	Q6PF93
5289	225326	
4217	26408	
4217	26408	O35099
6434	20462	P62996
6434	20462	
10291	67465	Q8K4Z5
81572	68559	P59048
81572	68559	
9203	56364	
9203	56364	Q9JLM4
10482	53319	Q99JX7
10482	66836	Q99JX7
10482	53319	
10482	66836	
10482	53319	Q9CQE2
10482	66836	Q9CQE2
6210	267019	P62245
6210	267019	
4809	20826	Q9D0T1
4809	20826	
4809	100862468	
292	11740	P51881
10971	22630	
10971	214444	
10971	22630	P68254
10971	214444	P68254
5430	20020	P08775
5430	20020	
23269	29808	A2AWL7
23269	29808	
6223	20085	Q9CZX8
6223	20085	
9517	20773	P97363
55234	74255	Q3UKJ7
8828	18187	O35375
1277	12842	P11087
5451	18986	
5451	18986	P25425
1478	108062	Q8BIQ5
1478	108062	
2873	209318	
1789	13436	O88509
1789	13436	
4605	17865	P48972
4605	17865	
3778	16531	
7514	103573	Q6P5F9
7514	103573	
10026	329777	Q9CXY9
10026	329777	
29093	216767	Q8BU88
10228	58244	Q9JKK1
10228	58244	
4793	18036	Q60778
4793	18036	
79577	214498	Q8JZM7
79577	214498	
26985	55946	Q9JKC8
26985	55946	
51367	117109	Q9DB28
1080	12638	P26361
1080	12638	
8115	21432	P56280
8115	21432	
23426	74053	
23426	74053	Q925T6
374291	75406	Q9DC70
4224	17287	P28825
4224	17287	
63875	27397	Q9D8P4
63875	27397	
22976	55982	Q6NZQ4
22976	55982	
7067	21833	P63058
7067	21833	
124944	104457	
124944	104457	Q9DCT6
7456	215280	Q8K1I7
7456	215280	
991	107995	Q9JJ66
991	107995	
7536	22668	Q64213
7536	22668	
84678	30841	Q6P1G2
84678	30841	
11171	20901	Q9Z1Z2
55193	66923	Q8BSQ9
55193	66923	
64750	66313	A2A5Z6
79590	67707	Q9CQ06
79590	67707	
79706	66801	Q9CWV6
79706	66801	
80209	212127	Q5PRE5
9382	16834	Q9Z160
9382	16834	
54617	68142	Q6ZPV2
54617	68142	
10014	15184	
10735	20843	
10735	20843	O35638
51116	118451	Q924T2
6934	21416	
6934	21416	Q924A0
79155	231130	
79155	231130	Q99JG7
9839	24136	Q9R0G7
9839	24136	
26019	326622	
5617	107849	
5617	215029	
5617	56635	Q9JHK0
5617	666317	
8520	107435	
8520	107435	Q8BY71
1385	12912	Q01147
1385	12912	
4842	18125	
4842	18125	Q9Z0J4
3693	16419	
8161	12812	
8161	12812	Q5SU73
8569	17346	
4116	17149	P61327
701	12236	Q9Z1S0
23385	59287	P57716
23385	59287	
9031	22385	Q9Z277
3371	21923	Q80YX1
3371	21923	
2959	229906	P62915
9584	170791	Q8VH51
9584	170791	
1270	12803	P51642
2965	14884	
29088	27395	Q9CPR5
29088	27395	
5525	226849	Q6PD03
5525	226849	
55957	75660	Q9D8N6
55957	75660	
93974	11983	
93974	11983	O35143
51742	94246	A2CG63
51742	94246	
328	11792	P28352
328	11792	
81608	66899	Q9D824
81608	66899	
3454	15975	P33896
3454	15975	
80198	71711	
80198	71711	Q91ZJ0
1660	13211	
5921	218397	
5395	18861	
60	11461	P60710
60	11461	
6938	21406	Q61286
6938	21406	
57680	67772	Q09XV5
57680	67772	
79184	210766	P46737
79184	210766	
10815	12889	P63040
10815	12889	
51317	192285	
2263	14183	
7186	22030	P39429
80781	12822	P39061
80781	12822	
29760	17060	
29760	17060	Q9QUN3
3190	15387	P61979
3190	15387	
3015	51788	P0C0S6
3015	51788	
27429	64704	
27429	64704	Q9JIY5
80031	214968	Q76KF0
80031	214968	
4292	17350	
4292	17350	Q9JK91
6929	21423	
6929	21423	P15806
5715	67151	Q9CR00
5715	67151	
55054	77040	
55054	77040	Q8C0J2
9276	50797	O55029
64421	227525	Q8K4J0
64421	227525	
51530	232679	Q80YV2
51530	232679	
2177	211651	Q80V62
2177	211651	
25949	68592	Q9D198
51564	56233	Q8C2B3
51564	56233	
51340	66877	P63154
1457	NA	Q60737
23421	67733	Q9CQ82
25884	69121	
51747	67684	Q5SUF2
51747	67684	
79718	81004	Q8BHJ5
79718	81004	
9855	227377	Q91VS8
9855	227377	
27101	12301	Q9CXW3
27101	12301	
2784	14695	Q61011
9021	12702	O35718
26259	231672	Q8BIA4
1326	26410	Q07174
1326	26410	
23338	76901	Q6ZQF7
23338	76901	
5111	18538	P17918
5300	241593	
5052	18477	P35700
5052	18477	
54822	58800	Q923J1
54822	58800	
7818	65111	
7818	65111	Q9ER88
2849	233919	Q8BZA7
9568	242425	Q80T41
9568	242425	
84172	20017	P70700
84172	20017	
6430	20384	
6430	20384	O35326
7189	22034	P70196
51069	27398	Q9D773
51069	27398	
27339	28000	Q99KP6
6886	21349	P22091
6886	21349	
8533	26572	O88543
8533	26572	
5476	19025	P16675
5476	19025	
23291	103583	Q5SRY7
23291	103583	
9091	14755	
9091	14755	Q9QYT7
6634	67332	P62320
6597	20586	Q3TKT4
6597	20586	
7076	21857	P12032
8539	11800	O35841
64976	18100	Q9Z2Q5
64976	18100	
7518	108138	
55052	66448	Q9CQL4
55052	66448	
79874	70314	Q91WG2
79874	70314	
6709	20740	
6709	20740	P16546
10419	27374	
2056	13856	P07321
2056	13856	
6830	20926	Q62383
7158	27223	
10146	27041	P97855
6181	67186	P99027
1655	13207	
2874	56310	
9968	59024	
9968	59024	A2AGH6
2647	14533	
2647	666114	
2647	14533	O55102
2647	666114	O55102
5982	19718	Q9WUK4
5982	19718	
10266	54409	Q9WUP0
10266	54409	
23397	215387	Q8C156
23397	215387	
2783	14693	P62880
2783	14693	
9918	68298	
2521	233908	P56959
2521	233908	
6804	20907	O35526
6804	20907	
51631	192196	
51631	192196	Q7TNC4
1869	13555	Q61501
1869	13555	
5889	114714	Q924H5
5889	114714	
5705	19184	P62196
5705	19184	
10006	11308	Q8CBW3
10006	11308	
10492	56403	Q7TMK9
10492	56403	
10898	54188	
10898	54188	Q8BQZ5
3205	15405	P09631
5519	73699	
5519	73699	Q7TNP2
22826	68598	
22826	68598	Q6NZB0
